Actual, Expected, AE
1.8501, NaN, NaN
1.8695, NaN, NaN
1.8900, NaN, NaN
1.9117, NaN, NaN
1.9347, NaN, NaN
1.9591, NaN, NaN
1.9851, NaN, NaN
2.0131, NaN, NaN
2.0432, NaN, NaN
2.0757, NaN, NaN
2.1110, NaN, NaN
2.1496, NaN, NaN
2.1918, NaN, NaN
2.2381, NaN, NaN
2.2892, NaN, NaN
2.3456, NaN, NaN
2.4078, NaN, NaN
2.4765, NaN, NaN
2.5524, NaN, NaN
2.6359, NaN, NaN
2.7276, NaN, NaN
2.8280, NaN, NaN
2.9374, NaN, NaN
3.0559, NaN, NaN
3.1837, NaN, NaN
3.3206, NaN, NaN
3.4663, 3.4696, 0.0033
3.6202, 3.6282, 0.0080
3.7816, 3.7869, 0.0053
3.9497, 3.9619, 0.0122
4.1233, 4.1308, 0.0075
4.3011, 4.3179, 0.0168
4.4819, 4.4915, 0.0096
4.6640, 4.6848, 0.0208
4.8461, 4.8573, 0.0112
5.0267, 5.0504, 0.0237
5.2042, 5.2166, 0.0124
5.3773, 5.4030, 0.0257
5.5446, 5.5578, 0.0132
5.7052, 5.7318, 0.0266
5.8579, 5.8708, 0.0129
6.0021, 6.0280, 0.0259
6.1369, 6.1495, 0.0126
6.2621, 6.2867, 0.0246
6.3773, 6.3887, 0.0114
6.4824, 6.5047, 0.0223
6.5774, 6.5876, 0.0102
6.6625, 6.6822, 0.0197
6.7378, 6.7469, 0.0091
6.8036, 6.8210, 0.0174
6.8604, 6.8680, 0.0076
6.9086, 6.9232, 0.0146
6.9485, 6.9553, 0.0068
6.9807, 6.9935, 0.0128
7.0056, 7.0116, 0.0060
7.0238, 7.0350, 0.0112
7.0358, 7.0410, 0.0052
7.0422, 7.0519, 0.0097
7.0435, 7.0481, 0.0046
7.0403, 7.0490, 0.0087
7.0332, 7.0405, 0.0073
7.0229, 7.0407, 0.0178
7.0101, 7.0248, 0.0147
6.9954, 7.0267, 0.0313
6.9796, 7.0005, 0.0209
6.9633, 7.0054, 0.0421
6.9472, 6.9731, 0.0259
6.9319, 6.9822, 0.0503
6.9182, 6.9473, 0.0291
6.9065, 6.9615, 0.0550
6.8973, 6.8948, 0.0025
6.8912, 6.8881, 0.0031
6.8885, 6.9190, 0.0305
6.8895, 6.9436, 0.0541
6.8944, 6.9226, 0.0282
6.9032, 6.8993, 0.0039
6.9161, 6.9247, 0.0086
6.9330, 6.9247, 0.0083
6.9538, 6.9330, 0.0208
6.9782, 6.9330, 0.0452
7.0061, 6.9782, 0.0279
7.0372, 7.0340, 0.0032
7.0711, 7.0372, 0.0339
7.1074, 7.0637, 0.0437
7.1458, 7.1509, 0.0051
7.1858, 7.1842, 0.0016
7.2270, 7.2320, 0.0050
7.2689, 7.2796, 0.0107
7.3110, 7.3160, 0.0050
7.3529, 7.3633, 0.0104
7.3940, 7.3990, 0.0050
7.4338, 7.4441, 0.0103
7.4718, 7.4767, 0.0049
7.5076, 7.5203, 0.0127
7.5405, 7.5456, 0.0051
7.5703, 7.5835, 0.0132
7.5966, 7.6015, 0.0049
7.6189, 7.6262, 0.0073
7.6371, 7.6494, 0.0123
7.6509, 7.6630, 0.0121
7.6604, 7.6724, 0.0120
7.6655, 7.6778, 0.0123
7.6664, 7.6791, 0.0127
7.6633, 7.6765, 0.0132
7.6565, 7.6734, 0.0169
7.6466, 7.6706, 0.0240
7.6339, 7.6475, 0.0136
7.6190, 7.6655, 0.0465
7.6026, 7.6219, 0.0193
7.5852, 7.6497, 0.0645
7.5675, 7.5914, 0.0239
7.5500, 7.6123, 0.0623
7.5334, 7.5365, 0.0031
7.5182, 7.5503, 0.0321
7.5048, 7.5639, 0.0591
7.4936, 7.5292, 0.0356
7.4849, 7.5492, 0.0643
7.4789, 7.4762, 0.0027
7.4759, 7.4857, 0.0098
7.4758, 7.5204, 0.0446
7.4787, 7.4757, 0.0030
7.4846, 7.5305, 0.0459
7.4935, 7.4846, 0.0089
7.5053, 7.5861, 0.0808
7.5201, 7.5053, 0.0148
7.5379, 7.5861, 0.0482
7.5588, 7.6587, 0.0999
7.5827, 7.6587, 0.0760
7.6100, 7.6557, 0.0457
7.6406, 7.6924, 0.0518
7.6748, 7.6806, 0.0058
7.7128, 7.7090, 0.0038
7.7545, 7.7581, 0.0036
7.8001, 7.7890, 0.0111
7.8495, 7.8402, 0.0093
7.9023, 7.8866, 0.0157
7.9583, 7.9446, 0.0137
8.0167, 7.9963, 0.0204
8.0769, 8.0593, 0.0176
8.1379, 8.1242, 0.0137
8.1986, 8.2051, 0.0065
8.2578, 8.2430, 0.0148
8.3142, 8.3218, 0.0076
8.3663, 8.3840, 0.0177
8.4130, 8.4328, 0.0198
8.4529, 8.4747, 0.0218
8.4852, 8.5086, 0.0234
8.5089, 8.5164, 0.0075
8.5234, 8.5405, 0.0171
8.5286, 8.5421, 0.0135
8.5244, 8.5470, 0.0226
8.5112, 8.5353, 0.0241
8.4895, 8.5244, 0.0349
8.4604, 8.5246, 0.0642
8.4249, 8.5020, 0.0771
8.3842, 8.4606, 0.0764
8.3397, 8.3906, 0.0509
8.2929, 8.4078, 0.1149
8.2450, 8.3356, 0.0906
8.1974, 8.2454, 0.0480
8.1510, 8.2674, 0.1164
8.1070, 8.1668, 0.0598
8.0661, 8.2039, 0.1378
8.0288, 8.0830, 0.0542
7.9956, 8.0470, 0.0514
7.9666, 8.0151, 0.0485
7.9419, 7.9663, 0.0244
7.9215, 7.9416, 0.0201
7.9054, 7.9495, 0.0441
7.8933, 7.9342, 0.0409
7.8853, 7.8810, 0.0043
7.8813, 7.9849, 0.1036
7.8814, 7.8773, 0.0041
7.8856, 7.9815, 0.0959
7.8940, 7.8856, 0.0084
7.9070, 7.8855, 0.0215
7.9246, 7.9065, 0.0181
7.9470, 7.9056, 0.0414
7.9745, 8.2061, 0.2316
8.0068, 8.1862, 0.1794
8.0439, 7.9974, 0.0465
8.0853, 8.1384, 0.0531
8.1306, 8.2567, 0.1261
8.1787, 8.2130, 0.0343
8.2287, 8.2578, 0.0291
8.2793, 8.2951, 0.0158
8.3291, 8.3444, 0.0153
8.3765, 8.3845, 0.0080
8.4200, 8.4465, 0.0265
8.4580, 8.4734, 0.0154
8.4891, 8.5034, 0.0143
8.5121, 8.5369, 0.0248
8.5260, 8.5508, 0.0248
8.5302, 8.5555, 0.0253
8.5244, 8.5599, 0.0355
8.5088, 8.5506, 0.0418
8.4839, 8.5186, 0.0347
8.4507, 8.5186, 0.0679
8.4102, 8.4824, 0.0722
8.3641, 8.4226, 0.0585
8.3140, 8.4248, 0.1108
8.2616, 8.3458, 0.0842
8.2087, 8.2458, 0.0371
8.1568, 8.2592, 0.1024
8.1075, 8.1433, 0.0358
8.0618, 8.1707, 0.1089
8.0206, 8.0240, 0.0034
7.9844, 8.0392, 0.0548
7.9532, 7.9547, 0.0015
7.9268, 7.9218, 0.0050
7.9044, 7.9058, 0.0014
7.8853, 7.8826, 0.0027
7.8683, 7.8728, 0.0045
7.8522, 7.8555, 0.0033
7.8356, 7.8480, 0.0124
7.8174, 7.8313, 0.0139
7.7963, 7.8221, 0.0258
7.7716, 7.8011, 0.0295
7.7424, 7.7460, 0.0036
7.7084, 7.7737, 0.0653
7.6695, 7.6736, 0.0041
7.6260, 7.6341, 0.0081
7.5784, 7.5820, 0.0036
7.5275, 7.5340, 0.0065
7.4743, 7.4763, 0.0020
7.4199, 7.4229, 0.0030
7.3656, 7.3654, 0.0002
7.3126, 7.3110, 0.0016
7.2621, 7.2595, 0.0026
7.2150, 7.2089, 0.0061
7.1723, 7.1678, 0.0045
7.1345, 7.1250, 0.0095
7.1020, 7.0966, 0.0054
7.0750, 7.0640, 0.0110
7.0534, 7.0480, 0.0054
7.0369, 7.0264, 0.0105
7.0249, 7.0204, 0.0045
7.0167, 7.0028, 0.0139
7.0116, 7.0086, 0.0030
7.0088, 7.0170, 0.0082
7.0076, 6.9816, 0.0260
7.0073, 7.0391, 0.0318
7.0073, 7.0379, 0.0306
7.0072, 7.0367, 0.0295
7.0068, 7.0829, 0.0761
7.0062, 7.0784, 0.0722
7.0055, 7.0056, 0.0001
7.0051, 7.1378, 0.1327
7.0056, 7.0047, 0.0009
7.0074, 7.0048, 0.0026
7.0114, 7.0071, 0.0043
7.0180, 7.0069, 0.0111
7.0280, 7.0161, 0.0119
7.0418, 7.0143, 0.0275
7.0597, 7.0351, 0.0246
7.0818, 7.0290, 0.0528
7.1082, 7.1109, 0.0027
7.1386, 7.1279, 0.0107
7.1725, 7.1581, 0.0144
7.2093, 7.1932, 0.0161
7.2483, 7.2542, 0.0059
7.2888, 7.2827, 0.0061
7.3298, 7.3360, 0.0062
7.3706, 7.3691, 0.0015
7.4107, 7.4165, 0.0058
7.4496, 7.4598, 0.0102
7.4870, 7.4922, 0.0052
7.5229, 7.5359, 0.0130
7.5577, 7.5615, 0.0038
7.5919, 7.5786, 0.0133
7.6262, 7.5957, 0.0305
7.6614, 7.6546, 0.0068
7.6986, 7.6914, 0.0072
7.7387, 7.7204, 0.0183
7.7827, 7.7617, 0.0210
7.8314, 7.8096, 0.0218
7.8852, 7.8598, 0.0254
7.9443, 7.9099, 0.0344
8.0086, 8.0065, 0.0021
8.0775, 8.0740, 0.0035
8.1501, 8.1498, 0.0003
8.2249, 8.2257, 0.0008
8.3003, 8.3029, 0.0026
8.3743, 8.3813, 0.0070
8.4449, 8.4507, 0.0058
8.5099, 8.5234, 0.0135
8.5671, 8.5762, 0.0091
8.6148, 8.6343, 0.0195
8.6512, 8.6628, 0.0116
8.6752, 8.7124, 0.0372
8.6860, 8.7264, 0.0404
8.6836, 8.6922, 0.0086
8.6681, 8.7076, 0.0395
8.6405, 8.6658, 0.0253
8.6021, 8.5520, 0.0501
8.5547, 8.6074, 0.0527
8.5002, 8.4185, 0.0817
8.4410, 8.5190, 0.0780
8.3792, 8.3975, 0.0183
8.3170, 8.2854, 0.0316
8.2564, 8.2692, 0.0128
8.1991, 8.1479, 0.0512
8.1462, 8.1377, 0.0085
8.0988, 8.0335, 0.0653
8.0569, 8.0285, 0.0284
8.0205, 8.0122, 0.0083
7.9891, 7.9843, 0.0048
7.9616, 7.9572, 0.0044
7.9367, 7.9364, 0.0003
7.9129, 7.9138, 0.0009
7.8887, 7.8979, 0.0092
7.8624, 7.8693, 0.0069
7.8327, 7.8573, 0.0246
7.7983, 7.8103, 0.0120
7.7583, 7.7684, 0.0101
7.7120, 7.7270, 0.0150
7.6593, 7.6697, 0.0104
7.6005, 7.6054, 0.0049
7.5359, 7.5399, 0.0040
7.4666, 7.4706, 0.0040
7.3936, 7.3961, 0.0025
7.3184, 7.3219, 0.0035
7.2425, 7.2478, 0.0053
7.1672, 7.1710, 0.0038
7.0942, 7.1032, 0.0090
7.0246, 7.0295, 0.0049
6.9598, 6.9722, 0.0124
6.9005, 6.9069, 0.0064
6.8474, 6.8471, 0.0003
6.8010, 6.8091, 0.0081
6.7611, 6.7623, 0.0012
6.7277, 6.7373, 0.0096
6.7002, 6.7038, 0.0036
6.6778, 6.6882, 0.0104
6.6599, 6.6658, 0.0059
6.6456, 6.6557, 0.0101
6.6337, 6.6415, 0.0078
6.6234, 6.5933, 0.0301
6.6139, 6.6229, 0.0090
6.6043, 6.6597, 0.0554
6.5941, 6.6042, 0.0101
6.5828, 6.5940, 0.0112
6.5703, 6.5720, 0.0017
6.5565, 6.5694, 0.0129
6.5414, 6.5435, 0.0021
6.5254, 6.5292, 0.0038
6.5086, 6.5105, 0.0019
6.4915, 6.4948, 0.0033
6.4744, 6.4758, 0.0014
6.4578, 6.4600, 0.0022
6.4418, 6.4426, 0.0008
6.4267, 6.4101, 0.0166
6.4124, 6.4129, 0.0005
6.3990, 6.3842, 0.0148
6.3862, 6.3866, 0.0004
6.3738, 6.3607, 0.0131
6.3612, 6.3621, 0.0009
6.3481, 6.3500, 0.0019
6.3338, 6.3354, 0.0016
6.3181, 6.3212, 0.0031
6.3004, 6.3023, 0.0019
6.2805, 6.2844, 0.0039
6.2582, 6.2600, 0.0018
6.2335, 6.2370, 0.0035
6.2067, 6.2078, 0.0011
6.1781, 6.1798, 0.0017
6.1483, 6.1482, 0.0001
6.1181, 6.1172, 0.0009
6.0881, 6.0867, 0.0014
6.0596, 6.0581, 0.0015
6.0332, 6.0303, 0.0029
6.0101, 6.0047, 0.0054
5.9910, 5.9867, 0.0043
5.9766, 5.9724, 0.0042
5.9677, 5.9623, 0.0054
5.9646, 5.9548, 0.0098
5.9675, 5.9556, 0.0119
5.9764, 5.9565, 0.0199
5.9911, 5.9604, 0.0307
6.0112, 5.9632, 0.0480
6.0362, 5.9644, 0.0718
6.0654, 6.0938, 0.0284
6.0983, 6.0895, 0.0088
6.1340, 6.1717, 0.0377
6.1720, 6.1629, 0.0091
6.2116, 6.2708, 0.0592
6.2524, 6.2527, 0.0003
6.2942, 6.3143, 0.0201
6.3369, 6.3572, 0.0203
6.3805, 6.3911, 0.0106
6.4253, 6.4485, 0.0232
6.4714, 6.4741, 0.0027
6.5195, 6.5217, 0.0022
6.5699, 6.5632, 0.0067
6.6229, 6.5928, 0.0301
6.6788, 6.6636, 0.0152
6.7379, 6.7227, 0.0152
6.8002, 6.7732, 0.0270
6.8652, 6.8359, 0.0293
6.9325, 6.9170, 0.0155
7.0015, 7.0048, 0.0033
7.0712, 7.0525, 0.0187
7.1404, 7.1450, 0.0046
7.2079, 7.2179, 0.0100
7.2724, 7.2781, 0.0057
7.3324, 7.3450, 0.0126
7.3869, 7.3938, 0.0069
7.4348, 7.4494, 0.0146
7.4753, 7.4832, 0.0079
7.5078, 7.5208, 0.0130
7.5321, 7.5530, 0.0209
7.5486, 7.5690, 0.0204
7.5577, 7.5847, 0.0270
7.5604, 7.5661, 0.0057
7.5578, 7.5552, 0.0026
7.5514, 7.5554, 0.0040
7.5427, 7.4796, 0.0631
7.5333, 7.5292, 0.0041
7.5248, 7.4816, 0.0432
7.5186, 7.4858, 0.0328
7.5157, 7.4229, 0.0928
7.5171, 7.4321, 0.0850
7.5231, 7.5090, 0.0141
7.5338, 7.4748, 0.0590
7.5489, 7.2542, 0.2947
7.5674, 7.2878, 0.2796
7.5883, 7.5736, 0.0147
7.6102, 7.5939, 0.0163
7.6314, 7.6299, 0.0015
7.6501, 7.5872, 0.0629
7.6647, 7.6667, 0.0020
7.6735, 7.6792, 0.0057
7.6750, 7.7035, 0.0285
7.6682, 7.7001, 0.0319
7.6522, 7.6693, 0.0171
7.6267, 7.6862, 0.0595
7.5917, 7.6267, 0.0350
7.5478, 7.6810, 0.1332
7.4959, 7.6555, 0.1596
7.4372, 7.4440, 0.0068
7.3731, 7.3593, 0.0138
7.3056, 7.3090, 0.0034
7.2363, 7.2230, 0.0133
7.1671, 7.2052, 0.0381
7.0999, 7.0870, 0.0129
7.0361, 7.0686, 0.0325
6.9773, 6.9652, 0.0121
6.9246, 6.9453, 0.0207
6.8788, 6.8679, 0.0109
6.8407, 6.8511, 0.0104
6.8103, 6.8007, 0.0096
6.7879, 6.7935, 0.0056
6.7732, 6.7707, 0.0025
6.7659, 6.7434, 0.0225
6.7657, 6.7603, 0.0054
6.7720, 6.7419, 0.0301
6.7846, 6.7717, 0.0129
6.8030, 6.7717, 0.0313
6.8272, 6.8018, 0.0254
6.8572, 6.7656, 0.0916
6.8930, 6.8587, 0.0343
6.9350, 6.9564, 0.0214
6.9836, 6.9463, 0.0373
7.0395, 7.0906, 0.0511
7.1030, 7.0645, 0.0385
7.1748, 7.3196, 0.1448
7.2552, 7.3718, 0.1166
7.3445, 7.3487, 0.0042
7.4427, 7.4123, 0.0304
7.5494, 7.5535, 0.0041
7.6640, 7.6278, 0.0362
7.7854, 7.7531, 0.0323
7.9124, 7.9088, 0.0036
8.0430, 8.0512, 0.0082
8.1753, 8.1726, 0.0027
8.3069, 8.3184, 0.0115
8.4355, 8.4508, 0.0153
8.5584, 8.5389, 0.0195
8.6734, 8.6697, 0.0037
8.7780, 8.7919, 0.0139
8.8705, 8.8637, 0.0068
8.9490, 8.9596, 0.0106
9.0126, 9.0003, 0.0123
9.0605, 9.0814, 0.0209
9.0928, 9.0720, 0.0208
9.1099, 9.1337, 0.0238
9.1129, 9.0710, 0.0419
9.1031, 9.1176, 0.0145
9.0823, 9.0965, 0.0142
9.0527, 8.9638, 0.0889
9.0165, 9.0625, 0.0460
8.9760, 8.7988, 0.1772
8.9333, 9.0340, 0.1007
8.8905, 8.8523, 0.0382
8.8492, 8.8690, 0.0198
8.8108, 9.1310, 0.3202
8.7762, 8.8361, 0.0599
8.7460, 8.6123, 0.1337
8.7202, 8.6668, 0.0534
8.6988, 8.8065, 0.1077
8.6811, 8.6016, 0.0795
8.6663, 8.3809, 0.2854
8.6536, 8.5786, 0.0750
8.6421, 8.6355, 0.0066
8.6309, 8.6419, 0.0110
8.6192, 8.6532, 0.0340
8.6064, 8.6029, 0.0035
8.5923, 8.5931, 0.0008
8.5768, 8.5957, 0.0189
8.5600, 8.5500, 0.0100
8.5424, 8.5359, 0.0065
8.5247, 8.5119, 0.0128
8.5075, 8.5068, 0.0007
8.4917, 8.4768, 0.0149
8.4783, 8.4763, 0.0020
8.4679, 8.4626, 0.0053
8.4613, 8.4581, 0.0032
8.4589, 8.4324, 0.0265
8.4611, 8.4567, 0.0044
8.4678, 8.4469, 0.0209
8.4788, 8.4669, 0.0119
8.4938, 8.4562, 0.0376
8.5120, 8.4905, 0.0215
8.5328, 8.5253, 0.0075
8.5552, 8.5371, 0.0181
8.5783, 8.5608, 0.0175
8.6013, 8.6579, 0.0566
8.6233, 8.6021, 0.0212
8.6438, 8.6785, 0.0347
8.6622, 8.6665, 0.0043
8.6785, 8.6918, 0.0133
8.6927, 8.7042, 0.0115
8.7051, 8.7295, 0.0244
8.7162, 8.7297, 0.0135
8.7267, 8.7396, 0.0129
8.7375, 8.7510, 0.0135
8.7496, 8.7612, 0.0116
8.7638, 8.7515, 0.0123
8.7810, 8.7537, 0.0273
8.8021, 8.7835, 0.0186
8.8275, 8.8045, 0.0230
8.8577, 8.8361, 0.0216
8.8926, 8.8904, 0.0022
8.9322, 8.9279, 0.0043
8.9759, 8.9748, 0.0011
9.0231, 9.0116, 0.0115
9.0729, 9.0734, 0.0005
9.1242, 9.1097, 0.0145
9.1758, 9.1783, 0.0025
9.2265, 9.2395, 0.0130
9.2751, 9.2795, 0.0044
9.3205, 9.3443, 0.0238
9.3617, 9.3675, 0.0058
9.3978, 9.4063, 0.0085
9.4284, 9.4381, 0.0097
9.4531, 9.4604, 0.0073
9.4718, 9.4817, 0.0099
9.4845, 9.5162, 0.0317
9.4914, 9.4591, 0.0323
9.4928, 9.4974, 0.0046
9.4891, 9.4624, 0.0267
9.4807, 9.4894, 0.0087
9.4678, 9.4387, 0.0291
9.4505, 9.4743, 0.0238
9.4289, 9.4419, 0.0130
9.4029, 9.4631, 0.0602
9.3722, 9.4082, 0.0360
9.3364, 9.3100, 0.0264
9.2951, 9.3759, 0.0808
9.2477, 9.2407, 0.0070
9.1940, 9.2969, 0.1029
9.1335, 9.1824, 0.0489
9.0662, 9.1733, 0.1071
8.9924, 9.0359, 0.0435
8.9125, 8.9369, 0.0244
8.8276, 8.8687, 0.0411
8.7390, 8.7774, 0.0384
8.6483, 8.6821, 0.0338
8.5576, 8.6078, 0.0502
8.4691, 8.5128, 0.0437
8.3853, 8.3723, 0.0130
8.3087, 8.2805, 0.0282
8.2416, 8.2268, 0.0148
8.1862, 8.1936, 0.0074
8.1444, 8.1283, 0.0161
8.1176, 8.1018, 0.0158
8.1067, 8.0805, 0.0262
8.1121, 8.0803, 0.0318
8.1335, 8.0937, 0.0398
8.1701, 8.0914, 0.0787
8.2207, 8.2499, 0.0292
8.2833, 8.1586, 0.1247
8.3561, 8.4193, 0.0632
8.4366, 8.2293, 0.2073
8.5223, 8.6302, 0.1079
8.6109, 8.7166, 0.1057
8.7001, 8.8620, 0.1619
8.7876, 8.9818, 0.1942
8.8719, 9.1010, 0.2291
8.9514, 9.0595, 0.1081
9.0252, 9.0745, 0.0493
9.0927, 9.0846, 0.0081
9.1537, 9.1372, 0.0165
9.2083, 9.2009, 0.0074
9.2571, 9.2527, 0.0044
9.3007, 9.3035, 0.0028
9.3399, 9.3590, 0.0191
9.3757, 9.4001, 0.0244
9.4091, 9.3338, 0.0753
9.4407, 9.4944, 0.0537
9.4715, 9.4168, 0.0547
9.5019, 9.4652, 0.0367
9.5324, 9.4958, 0.0366
9.5632, 9.5467, 0.0165
9.5943, 9.5774, 0.0169
9.6257, 9.6030, 0.0227
9.6572, 9.6564, 0.0008
9.6883, 9.6870, 0.0013
9.7189, 9.7182, 0.0007
9.7484, 9.7475, 0.0009
9.7766, 9.7765, 0.0001
9.8034, 9.8032, 0.0002
9.8285, 9.8287, 0.0002
9.8520, 9.8523, 0.0003
9.8742, 9.8742, 0.0000
9.8953, 9.8951, 0.0002
9.9158, 9.9153, 0.0005
9.9362, 9.9348, 0.0014
9.9573, 9.9557, 0.0016
9.9796, 9.9761, 0.0035
10.0040, 10.0012, 0.0028
10.0310, 10.0251, 0.0059
10.0611, 10.0577, 0.0034
10.0946, 10.0876, 0.0070
10.1317, 10.1282, 0.0035
10.1722, 10.1656, 0.0066
10.2160, 10.2133, 0.0027
10.2624, 10.2788, 0.0164
10.3106, 10.3099, 0.0007
10.3598, 10.3620, 0.0022
10.4089, 10.4080, 0.0009
10.4566, 10.4582, 0.0016
10.5017, 10.4983, 0.0034
10.5430, 10.5442, 0.0012
10.5794, 10.5737, 0.0057
10.6098, 10.6104, 0.0006
10.6335, 10.6404, 0.0069
10.6498, 10.6490, 0.0008
10.6585, 10.6673, 0.0088
10.6596, 10.6569, 0.0027
10.6533, 10.6656, 0.0123
10.6402, 10.6296, 0.0106
10.6211, 10.6478, 0.0267
10.5969, 10.5726, 0.0243
10.5686, 10.6192, 0.0506
10.5375, 10.5487, 0.0112
10.5046, 10.5759, 0.0713
10.4711, 10.4774, 0.0063
10.4379, 10.5418, 0.1039
10.4058, 10.4021, 0.0037
10.3756, 10.3633, 0.0123
10.3475, 10.3316, 0.0159
10.3221, 10.3153, 0.0068
10.2992, 10.2825, 0.0167
10.2788, 10.2783, 0.0005
10.2607, 10.2581, 0.0026
10.2447, 10.2449, 0.0002
10.2303, 10.2320, 0.0017
10.2173, 10.2220, 0.0047
10.2055, 10.2066, 0.0011
10.1948, 10.2027, 0.0079
10.1851, 10.1826, 0.0025
10.1766, 10.1660, 0.0106
10.1696, 10.1603, 0.0093
10.1646, 10.1483, 0.0163
10.1621, 10.1433, 0.0188
10.1629, 10.1473, 0.0156
10.1676, 10.1572, 0.0104
10.1770, 10.1673, 0.0097
10.1917, 10.1563, 0.0354
10.2123, 10.1894, 0.0229
10.2392, 10.1619, 0.0773
10.2727, 10.2334, 0.0393
10.3126, 10.2655, 0.0471
10.3589, 10.3414, 0.0175
10.4109, 10.4180, 0.0071
10.4680, 10.4584, 0.0096
10.5293, 10.5126, 0.0167
10.5938, 10.6029, 0.0091
10.6604, 10.6472, 0.0132
10.7277, 10.7308, 0.0031
10.7947, 10.8041, 0.0094
10.8603, 10.8393, 0.0210
10.9235, 10.9448, 0.0213
10.9837, 10.9834, 0.0003
11.0405, 11.0449, 0.0044
11.0938, 11.0949, 0.0011
11.1439, 11.1515, 0.0076
11.1914, 11.1996, 0.0082
11.2374, 11.2498, 0.0124
11.2831, 11.2997, 0.0166
11.3302, 11.3076, 0.0226
11.3804, 11.3362, 0.0442
11.4356, 11.3898, 0.0458
11.4978, 11.4927, 0.0051
11.5690, 11.6031, 0.0341
11.6508, 11.6427, 0.0081
11.7449, 11.7353, 0.0096
11.8524, 11.8427, 0.0097
11.9742, 11.9538, 0.0204
12.1108, 12.0803, 0.0305
12.2620, 12.2237, 0.0383
12.4274, 12.3757, 0.0517
12.6060, 12.5952, 0.0108
12.7964, 12.7955, 0.0009
12.9967, 12.9654, 0.0313
13.2047, 13.2099, 0.0052
13.4181, 13.3627, 0.0554
13.6340, 13.6451, 0.0111
13.8497, 13.8126, 0.0371
14.0625, 14.0784, 0.0159
14.2696, 14.2118, 0.0578
14.4682, 14.4409, 0.0273
14.6559, 14.6478, 0.0081
14.8305, 14.7844, 0.0461
14.9899, 14.9639, 0.0260
15.1324, 15.0638, 0.0686
15.2565, 15.2146, 0.0419
15.3609, 15.4170, 0.0561
15.4446, 15.3910, 0.0536
15.5069, 15.6225, 0.1156
15.5473, 15.5154, 0.0319
15.5652, 15.5557, 0.0095
15.5606, 15.6480, 0.0874
15.5335, 15.5368, 0.0033
15.4839, 15.4616, 0.0223
15.4122, 15.4793, 0.0671
15.3188, 15.3339, 0.0151
15.2045, 15.4332, 0.2287
15.0702, 15.1964, 0.1262
14.9169, 14.8958, 0.0211
14.7461, 15.0730, 0.3269
14.5595, 14.5470, 0.0125
14.3590, 14.3910, 0.0320
14.1469, 14.0972, 0.0497
13.9257, 14.2627, 0.3370
13.6982, 13.6421, 0.0561
13.4673, 13.5901, 0.1228
13.2362, 13.1604, 0.0758
13.0079, 13.0604, 0.0525
12.7856, 12.7003, 0.0853
12.5723, 12.6525, 0.0802
12.3707, 12.3652, 0.0055
12.1832, 12.1496, 0.0336
12.0118, 12.0334, 0.0216
11.8578, 11.9411, 0.0833
11.7223, 11.7840, 0.0617
11.6054, 11.6477, 0.0423
11.5068, 11.5338, 0.0270
11.4254, 11.4339, 0.0085
11.3598, 11.3783, 0.0185
11.3076, 11.3128, 0.0052
11.2663, 11.2940, 0.0277
11.2330, 11.2324, 0.0006
11.2044, 11.2315, 0.0271
11.1774, 11.1732, 0.0042
11.1486, 11.1474, 0.0012
11.1150, 11.1124, 0.0026
11.0739, 11.0806, 0.0067
11.0230, 11.0300, 0.0070
10.9603, 10.9815, 0.0212
10.8845, 10.9088, 0.0243
10.7947, 10.8359, 0.0412
10.6907, 10.7378, 0.0471
10.5727, 10.6286, 0.0559
10.4413, 10.5134, 0.0721
10.2975, 10.3791, 0.0816
10.1426, 10.1632, 0.0206
9.9781, 10.0038, 0.0257
9.8054, 9.8502, 0.0448
9.6259, 9.6911, 0.0652
9.4410, 9.5091, 0.0681
9.2518, 9.2501, 0.0017
9.0592, 9.0958, 0.0366
8.8639, 8.8571, 0.0068
8.6663, 8.6912, 0.0249
8.4666, 8.4571, 0.0095
8.2649, 8.3426, 0.0777
8.0612, 8.0512, 0.0100
7.8555, 7.9405, 0.0850
7.6478, 7.6382, 0.0096
7.4386, 7.5781, 0.1395
7.2283, 7.2188, 0.0095
7.0177, 7.1114, 0.0937
6.8080, 6.7982, 0.0098
6.6006, 6.5805, 0.0201
6.3974, 6.3868, 0.0106
6.2004, 6.1780, 0.0224
6.0118, 5.9992, 0.0126
5.8341, 5.8075, 0.0266
5.6697, 5.6544, 0.0153
5.5206, 5.4892, 0.0314
5.3890, 5.3718, 0.0172
5.2766, 5.2412, 0.0354
5.1844, 5.1656, 0.0188
5.1134, 5.0756, 0.0378
5.0638, 5.0442, 0.0196
5.0353, 4.9968, 0.0385
5.0270, 5.0011, 0.0259
5.0377, 4.9944, 0.0433
5.0658, 5.0004, 0.0654
5.1093, 4.9981, 0.1112
5.1659, 4.9949, 0.1710
5.2335, 4.9948, 0.2387
5.3096, 5.2196, 0.0900
5.3924, 5.5643, 0.1719
5.4797, 5.5838, 0.1041
5.5700, 5.8525, 0.2825
5.6620, 5.9129, 0.2509
5.7547, 5.8195, 0.0648
5.8475, 6.0868, 0.2393
5.9404, 6.5654, 0.6250
6.0333, 6.4144, 0.3811
6.1266, 6.1511, 0.0245
6.2208, 6.2999, 0.0791
6.3165, 6.2746, 0.0419
6.4144, 6.4336, 0.0192
6.5149, 6.4670, 0.0479
6.6185, 6.6412, 0.0227
6.7253, 6.7468, 0.0215
6.8352, 6.8012, 0.0340
6.9478, 6.8951, 0.0527
7.0624, 7.0675, 0.0051
7.1779, 7.1131, 0.0648
7.2930, 7.2992, 0.0062
7.4062, 7.4193, 0.0131
7.5157, 7.5229, 0.0072
7.6197, 7.6351, 0.0154
7.7163, 7.7254, 0.0091
7.8039, 7.8229, 0.0190
7.8809, 7.8917, 0.0108
7.9461, 7.9683, 0.0222
7.9985, 8.0107, 0.0122
8.0378, 8.0286, 0.0092
8.0638, 8.0762, 0.0124
8.0770, 8.0687, 0.0083
8.0782, 8.0744, 0.0038
8.0686, 8.0757, 0.0071
8.0499, 8.0197, 0.0302
8.0238, 8.0346, 0.0108
7.9923, 8.0324, 0.0401
7.9576, 7.9476, 0.0100
7.9217, 8.0085, 0.0868
7.8864, 7.8838, 0.0026
7.8536, 7.7256, 0.1280
7.8246, 7.8190, 0.0056
7.8003, 7.5422, 0.2581
7.7816, 7.7678, 0.0138
7.7687, 7.7028, 0.0659
7.7616, 7.7314, 0.0302
7.7599, 7.6519, 0.1080
7.7629, 7.7073, 0.0556
7.7697, 7.6364, 0.1333
7.7794, 7.7073, 0.0721
7.7910, 7.7522, 0.0388
7.8033, 7.7522, 0.0511
7.8154, 7.7511, 0.0643
7.8266, 7.8408, 0.0142
7.8363, 7.8483, 0.0120
7.8439, 7.9059, 0.0620
7.8493, 7.9075, 0.0582
7.8525, 7.9015, 0.0490
7.8537, 7.8860, 0.0323
7.8532, 7.9552, 0.1020
7.8515, 7.8448, 0.0067
7.8489, 7.9148, 0.0659
7.8462, 7.8356, 0.0106
7.8436, 7.9367, 0.0931
7.8418, 7.7854, 0.0564
7.8411, 7.7292, 0.1119
7.8416, 7.8411, 0.0005
7.8436, 7.8362, 0.0074
7.8471, 7.8242, 0.0229
7.8522, 7.8293, 0.0229
7.8588, 7.8346, 0.0242
7.8667, 7.8600, 0.0067
7.8760, 7.8718, 0.0042
7.8864, 7.8812, 0.0052
7.8981, 7.8920, 0.0061
7.9112, 7.9015, 0.0097
7.9257, 7.9146, 0.0111
7.9419, 7.9219, 0.0200
7.9602, 7.9380, 0.0222
7.9810, 7.9808, 0.0002
8.0048, 7.9976, 0.0072
8.0319, 8.0254, 0.0065
8.0629, 8.0635, 0.0006
8.0981, 8.0897, 0.0084
8.1376, 8.1274, 0.0102
8.1817, 8.1714, 0.0103
8.2302, 8.2323, 0.0021
8.2830, 8.2665, 0.0165
8.3395, 8.3430, 0.0035
8.3991, 8.4071, 0.0080
8.4612, 8.4658, 0.0046
8.5246, 8.5353, 0.0107
8.5886, 8.5943, 0.0057
8.6520, 8.6645, 0.0125
8.7138, 8.7204, 0.0066
8.7732, 8.7767, 0.0035
8.8294, 8.8365, 0.0071
8.8818, 8.8840, 0.0022
8.9303, 8.9388, 0.0085
8.9747, 8.9766, 0.0019
9.0153, 8.9962, 0.0191
9.0529, 9.0392, 0.0137
9.0882, 9.0545, 0.0337
9.1223, 9.1127, 0.0096
9.1566, 9.1747, 0.0181
9.1923, 9.1687, 0.0236
9.2309, 9.1993, 0.0316
9.2735, 9.2295, 0.0440
9.3213, 9.3164, 0.0049
9.3751, 9.3695, 0.0056
9.4353, 9.4294, 0.0059
9.5021, 9.4972, 0.0049
9.5751, 9.5696, 0.0055
9.6536, 9.6508, 0.0028
9.7363, 9.7388, 0.0025
9.8217, 9.8229, 0.0012
9.9079, 9.9108, 0.0029
9.9928, 9.9985, 0.0057
10.0743, 10.0779, 0.0036
10.1500, 10.1461, 0.0039
10.2180, 10.2227, 0.0047
10.2764, 10.2706, 0.0058
10.3238, 10.3293, 0.0055
10.3590, 10.3519, 0.0071
10.3816, 10.3870, 0.0054
10.3915, 10.4115, 0.0200
10.3895, 10.3934, 0.0039
10.3764, 10.3575, 0.0189
10.3538, 10.3584, 0.0046
10.3238, 10.3714, 0.0476
10.2884, 10.2844, 0.0040
10.2501, 10.3060, 0.0559
10.2112, 10.1833, 0.0279
10.1741, 10.2489, 0.0748
10.1407, 10.1796, 0.0389
10.1127, 10.0597, 0.0530
10.0916, 9.9697, 0.1219
10.0779, 10.0511, 0.0268
10.0719, 10.0656, 0.0063
10.0734, 9.9758, 0.0976
10.0814, 10.1044, 0.0230
10.0947, 10.1204, 0.0257
10.1117, 10.0623, 0.0494
10.1303, 10.1276, 0.0027
10.1486, 10.1155, 0.0331
10.1643, 10.1155, 0.0488
10.1754, 10.1389, 0.0365
10.1801, 10.1562, 0.0239
10.1769, 10.1562, 0.0207
10.1646, 10.1649, 0.0003
10.1425, 10.1649, 0.0224
10.1103, 10.1741, 0.0638
10.0682, 10.1699, 0.1017
10.0167, 10.1601, 0.1434
9.9569, 9.9652, 0.0083
9.8898, 9.8971, 0.0073
9.8171, 9.8169, 0.0002
9.7402, 9.7373, 0.0029
9.6607, 9.6544, 0.0063
9.5803, 9.6031, 0.0228
9.5004, 9.4875, 0.0129
9.4223, 9.4491, 0.0268
9.3472, 9.3651, 0.0179
9.2759, 9.2470, 0.0289
9.2092, 9.1671, 0.0421
9.1477, 9.1347, 0.0130
9.0915, 9.0871, 0.0044
9.0410, 9.0276, 0.0134
8.9962, 8.9917, 0.0045
8.9572, 8.9449, 0.0123
8.9242, 8.9200, 0.0042
8.8972, 8.9015, 0.0043
8.8764, 8.8713, 0.0051
8.8621, 8.8613, 0.0008
8.8545, 8.8432, 0.0113
8.8540, 8.8436, 0.0104
8.8610, 8.8448, 0.0162
8.8759, 8.8438, 0.0321
8.8990, 8.8425, 0.0565
8.9306, 8.9291, 0.0015
8.9707, 8.9245, 0.0462
9.0193, 8.9883, 0.0310
9.0761, 9.0586, 0.0175
9.1405, 9.0530, 0.0875
9.2118, 9.1772, 0.0346
9.2890, 9.2894, 0.0004
9.3709, 9.2328, 0.1381
9.4559, 9.4696, 0.0137
9.5427, 9.5436, 0.0009
9.6295, 9.6554, 0.0259
9.7148, 9.7116, 0.0032
9.7970, 9.8364, 0.0394
9.8747, 9.8635, 0.0112
9.9466, 9.9550, 0.0084
10.0120, 9.9879, 0.0241
10.0703, 10.0837, 0.0134
10.1213, 10.1519, 0.0306
10.1651, 10.1779, 0.0128
10.2024, 10.1869, 0.0155
10.2340, 10.2590, 0.0250
10.2610, 10.2365, 0.0245
10.2846, 10.2448, 0.0398
10.3064, 10.2994, 0.0070
10.3278, 10.3047, 0.0231
10.3499, 10.3212, 0.0287
10.3741, 10.3802, 0.0061
10.4012, 10.3423, 0.0589
10.4317, 10.4315, 0.0002
10.4659, 10.4614, 0.0045
10.5036, 10.4959, 0.0077
10.5442, 10.5402, 0.0040
10.5871, 10.5795, 0.0076
10.6311, 10.6285, 0.0026
10.6748, 10.6582, 0.0166
10.7170, 10.7168, 0.0002
10.7561, 10.7417, 0.0144
10.7909, 10.7935, 0.0026
10.8203, 10.8523, 0.0320
10.8435, 10.8483, 0.0048
10.8597, 10.8738, 0.0141
10.8690, 10.8751, 0.0061
10.8714, 10.8700, 0.0014
10.8675, 10.8724, 0.0049
10.8582, 10.8636, 0.0054
10.8445, 10.8548, 0.0103
10.8278, 10.8380, 0.0102
10.8094, 10.8190, 0.0096
10.7908, 10.8026, 0.0118
10.7731, 10.7702, 0.0029
10.7576, 10.7655, 0.0079
10.7451, 10.7677, 0.0226
10.7361, 10.7343, 0.0018
10.7309, 10.6629, 0.0680
10.7295, 10.7156, 0.0139
10.7314, 10.7089, 0.0225
10.7359, 10.7125, 0.0234
10.7421, 10.7282, 0.0139
10.7488, 10.7239, 0.0249
10.7548, 10.7091, 0.0457
10.7590, 10.7452, 0.0138
10.7601, 10.7705, 0.0104
10.7572, 10.7705, 0.0133
10.7495, 10.7592, 0.0097
10.7364, 10.7669, 0.0305
10.7177, 10.7669, 0.0492
10.6935, 10.7185, 0.0250
10.6641, 10.6655, 0.0014
10.6301, 10.6714, 0.0413
10.5922, 10.5839, 0.0083
10.5514, 10.5411, 0.0103
10.5088, 10.5067, 0.0021
10.4654, 10.4502, 0.0152
10.4221, 10.4184, 0.0037
10.3799, 10.3714, 0.0085
10.3397, 10.3342, 0.0055
10.3019, 10.3037, 0.0018
10.2670, 10.2607, 0.0063
10.2353, 10.2358, 0.0005
10.2069, 10.2021, 0.0048
10.1818, 10.1812, 0.0006
10.1599, 10.1550, 0.0049
10.1409, 10.1402, 0.0007
10.1247, 10.1359, 0.0112
10.1110, 10.1110, 0.0000
10.0997, 10.0974, 0.0023
10.0909, 10.0924, 0.0015
10.0845, 10.0812, 0.0033
10.0808, 10.0842, 0.0034
10.0800, 10.0760, 0.0040
10.0824, 10.0915, 0.0091
10.0884, 10.0739, 0.0145
10.0984, 10.1206, 0.0222
10.1127, 10.1200, 0.0073
10.1316, 10.1679, 0.0363
10.1549, 10.1861, 0.0312
10.1825, 10.1790, 0.0035
10.2140, 10.2169, 0.0029
10.2487, 10.2322, 0.0165
10.2857, 10.2818, 0.0039
10.3236, 10.3715, 0.0479
10.3612, 10.3636, 0.0024
10.3968, 10.3941, 0.0027
10.4286, 10.4367, 0.0081
10.4549, 10.4655, 0.0106
10.4740, 10.4907, 0.0167
10.4843, 10.5018, 0.0175
10.4845, 10.5161, 0.0316
10.4736, 10.5048, 0.0312
10.4509, 10.4985, 0.0476
10.4162, 10.4962, 0.0800
10.3698, 10.4162, 0.0464
10.3126, 10.4556, 0.1430
10.2457, 10.4268, 0.1811
10.1710, 10.3962, 0.2252
10.0905, 10.2143, 0.1238
10.0067, 10.2184, 0.2117
9.9221, 9.8999, 0.0222
9.8394, 9.7963, 0.0431
9.7611, 9.7278, 0.0333
9.6898, 9.6716, 0.0182
9.6275, 9.5735, 0.0540
9.5761, 9.5628, 0.0133
9.5368, 9.4983, 0.0385
9.5103, 9.4914, 0.0189
9.4971, 9.4851, 0.0120
9.4967, 9.4715, 0.0252
9.5085, 9.4703, 0.0382
9.5311, 9.4754, 0.0557
9.5631, 9.5035, 0.0596
9.6025, 9.6059, 0.0034
9.6475, 9.6345, 0.0130
9.6958, 9.7478, 0.0520
9.7456, 9.6970, 0.0486
9.7950, 9.9345, 0.1395
9.8425, 9.9231, 0.0806
9.8866, 9.8852, 0.0014
9.9265, 10.0458, 0.1193
9.9616, 10.1092, 0.1476
9.9916, 9.9461, 0.0455
10.0165, 10.1988, 0.1823
10.0368, 10.0647, 0.0279
10.0529, 10.0612, 0.0083
10.0656, 10.0819, 0.0163
10.0755, 10.0885, 0.0130
10.0836, 10.0974, 0.0138
10.0903, 9.9845, 0.1058
10.0965, 10.0834, 0.0131
10.1025, 10.0636, 0.0389
10.1088, 10.0484, 0.0604
10.1154, 10.0909, 0.0245
10.1226, 10.0668, 0.0558
10.1301, 10.0781, 0.0520
10.1380, 10.1374, 0.0006
10.1461, 10.1450, 0.0011
10.1543, 10.1538, 0.0005
10.1625, 10.1614, 0.0011
10.1709, 10.1701, 0.0008
10.1797, 10.1778, 0.0019
10.1893, 10.1877, 0.0016
10.2002, 10.1965, 0.0037
10.2133, 10.2100, 0.0033
10.2294, 10.2245, 0.0049
10.2495, 10.2398, 0.0097
10.2748, 10.2578, 0.0170
10.3062, 10.2914, 0.0148
10.3449, 10.3324, 0.0125
10.3916, 10.3732, 0.0184
10.4470, 10.4213, 0.0257
10.5114, 10.4850, 0.0264
10.5850, 10.5626, 0.0224
10.6675, 10.6701, 0.0026
10.7582, 10.7657, 0.0075
10.8562, 10.8623, 0.0061
10.9600, 10.9749, 0.0149
11.0681, 11.0773, 0.0092
11.1785, 11.1994, 0.0209
11.2892, 11.3010, 0.0118
11.3980, 11.4454, 0.0474
11.5028, 11.5149, 0.0121
11.6015, 11.6287, 0.0272
11.6923, 11.7074, 0.0151
11.7737, 11.7980, 0.0243
11.8444, 11.8614, 0.0170
11.9037, 11.9184, 0.0147
11.9512, 11.9798, 0.0286
11.9871, 12.0112, 0.0241
12.0118, 11.9896, 0.0222
12.0263, 11.9914, 0.0349
12.0318, 11.9806, 0.0512
12.0298, 12.0580, 0.0282
12.0218, 11.9394, 0.0824
12.0094, 11.9933, 0.0161
11.9941, 12.0489, 0.0548
11.9772, 11.9124, 0.0648
11.9598, 11.9269, 0.0329
11.9426, 11.7879, 0.1547
11.9258, 11.8644, 0.0614
11.9093, 11.7867, 0.1226
11.8926, 11.8132, 0.0794
11.8747, 12.0438, 0.1691
11.8544, 11.7826, 0.0718
11.8303, 11.8150, 0.0153
11.8007, 11.8247, 0.0240
11.7640, 11.8127, 0.0487
11.7186, 11.8150, 0.0964
11.6631, 11.7047, 0.0416
11.5966, 11.6456, 0.0490
11.5182, 11.5540, 0.0358
11.4278, 11.4788, 0.0510
11.3257, 11.3707, 0.0450
11.2127, 11.2064, 0.0063
11.0899, 11.0743, 0.0156
10.9591, 10.9487, 0.0104
10.8222, 10.7983, 0.0239
10.6817, 10.6681, 0.0136
10.5400, 10.5107, 0.0293
10.3995, 10.3847, 0.0148
10.2626, 10.2310, 0.0316
10.1316, 10.1153, 0.0163
10.0082, 9.9868, 0.0214
9.8941, 9.8550, 0.0391
9.7903, 9.8041, 0.0138
9.6973, 9.6517, 0.0456
9.6154, 9.6536, 0.0382
9.5441, 9.5467, 0.0026
9.4827, 9.4739, 0.0088
9.4302, 9.4322, 0.0020
9.3851, 9.3823, 0.0028
9.3461, 9.3589, 0.0128
9.3116, 9.3155, 0.0039
9.2803, 9.2916, 0.0113
9.2510, 9.2794, 0.0284
9.2226, 9.2344, 0.0118
9.1946, 9.2310, 0.0364
9.1667, 9.1735, 0.0068
9.1389, 9.1913, 0.0524
9.1115, 9.1124, 0.0009
9.0854, 9.0808, 0.0046
9.0612, 9.0609, 0.0003
9.0400, 9.0384, 0.0016
9.0227, 9.0203, 0.0024
9.0103, 9.0047, 0.0056
9.0034, 8.9990, 0.0044
9.0025, 8.9932, 0.0093
9.0077, 9.0017, 0.0060
9.0189, 9.0018, 0.0171
9.0353, 9.0170, 0.0183
9.0560, 9.0153, 0.0407
9.0796, 9.0497, 0.0299
9.1047, 9.0954, 0.0093
9.1293, 9.1009, 0.0284
9.1516, 9.2008, 0.0492
9.1700, 9.1460, 0.0240
9.1827, 9.2553, 0.0726
9.1884, 9.2218, 0.0334
9.1862, 9.1877, 0.0015
9.1754, 9.2630, 0.0876
9.1560, 9.1952, 0.0392
9.1285, 9.2087, 0.0802
9.0937, 9.1939, 0.1002
9.0530, 9.1634, 0.1104
9.0079, 9.1634, 0.1555
8.9605, 8.9416, 0.0189
8.9128, 8.9095, 0.0033
8.8668, 8.8512, 0.0156
8.8246, 8.8195, 0.0051
8.7879, 8.7711, 0.0168
8.7582, 8.7484, 0.0098
8.7364, 8.7158, 0.0206
8.7233, 8.7093, 0.0140
8.7188, 8.6954, 0.0234
8.7228, 8.7003, 0.0225
8.7343, 8.7025, 0.0318
8.7521, 8.7186, 0.0335
8.7749, 8.7351, 0.0398
8.8010, 8.7351, 0.0659
8.8285, 8.7691, 0.0594
8.8557, 8.8135, 0.0422
8.8810, 8.9343, 0.0533
8.9028, 8.9822, 0.0794
8.9201, 8.8544, 0.0657
8.9321, 8.9227, 0.0094
8.9382, 9.0133, 0.0751
8.9384, 8.9919, 0.0535
8.9329, 8.9687, 0.0358
8.9223, 9.0114, 0.0891
8.9075, 8.8684, 0.0391
8.8894, 8.8374, 0.0520
8.8692, 8.9089, 0.0397
8.8479, 8.9089, 0.0610
8.8267, 8.8479, 0.0212
8.8066, 8.6468, 0.1598
8.7884, 8.8744, 0.0860
8.7727, 8.7909, 0.0182
8.7598, 8.7760, 0.0162
8.7499, 8.7269, 0.0230
8.7430, 8.6911, 0.0519
8.7387, 8.7276, 0.0111
8.7367, 8.7460, 0.0093
8.7365, 8.7317, 0.0048
8.7375, 8.7285, 0.0090
8.7391, 8.7508, 0.0117
8.7409, 8.7640, 0.0231
8.7426, 8.7718, 0.0292
8.7438, 8.7581, 0.0143
8.7445, 8.7772, 0.0327
8.7447, 8.7772, 0.0325
8.7448, 8.7779, 0.0331
8.7449, 8.7831, 0.0382
8.7455, 8.7375, 0.0080
8.7472, 8.7450, 0.0022
8.7503, 8.7426, 0.0077
8.7553, 8.7583, 0.0030
8.7626, 8.7554, 0.0072
8.7723, 8.7876, 0.0153
8.7847, 8.7779, 0.0068
8.7996, 8.8273, 0.0277
8.8168, 8.8076, 0.0092
8.8359, 8.8344, 0.0015
8.8565, 8.8525, 0.0040
8.8779, 8.8765, 0.0014
8.8997, 8.8957, 0.0040
8.9210, 8.9249, 0.0039
8.9414, 8.9442, 0.0028
8.9605, 8.9641, 0.0036
8.9779, 8.9819, 0.0040
8.9936, 8.9957, 0.0021
9.0076, 9.0124, 0.0048
9.0203, 9.0209, 0.0006
9.0322, 9.0352, 0.0030
9.0441, 9.0422, 0.0019
9.0569, 9.0575, 0.0006
9.0714, 9.0642, 0.0072
9.0888, 9.0790, 0.0098
9.1098, 9.1046, 0.0052
9.1352, 9.1210, 0.0142
9.1657, 9.1565, 0.0092
9.2013, 9.1937, 0.0076
9.2420, 9.2371, 0.0049
9.2872, 9.2803, 0.0069
9.3360, 9.3334, 0.0026
9.3870, 9.3705, 0.0165
9.4384, 9.4425, 0.0041
9.4881, 9.4967, 0.0086
9.5339, 9.5492, 0.0153
9.5732, 9.5936, 0.0204
9.6034, 9.6200, 0.0166
9.6222, 9.6508, 0.0286
9.6274, 9.6596, 0.0322
9.6172, 9.6513, 0.0341
9.5902, 9.6552, 0.0650
9.5458, 9.6422, 0.0964
9.4837, 9.6202, 0.1365
9.4045, 9.3694, 0.0351
9.3095, 9.3744, 0.0649
9.2006, 9.1753, 0.0253
9.0803, 9.1969, 0.1166
8.9516, 8.9567, 0.0051
8.8177, 8.8629, 0.0452
8.6822, 8.6987, 0.0165
8.5485, 8.6121, 0.0636
8.4200, 8.4421, 0.0221
8.2999, 8.2861, 0.0138
8.1908, 8.2202, 0.0294
8.0946, 8.0500, 0.0446
8.0128, 7.9102, 0.1026
7.9461, 7.9106, 0.0355
7.8942, 7.8698, 0.0244
7.8564, 7.8935, 0.0371
7.8312, 7.8003, 0.0309
7.8163, 7.7924, 0.0239
7.8093, 7.7784, 0.0309
7.8072, 7.8966, 0.0894
7.8069, 7.7808, 0.0261
7.8055, 8.0594, 0.2539
7.7999, 7.8376, 0.0377
7.7877, 7.9188, 0.1311
7.7666, 7.9032, 0.1366
7.7350, 7.9315, 0.1965
7.6918, 7.7339, 0.0421
7.6365, 7.6907, 0.0542
7.5693, 7.6355, 0.0662
7.4909, 7.5050, 0.0141
7.4024, 7.4292, 0.0268
7.3056, 7.3264, 0.0208
7.2022, 7.2128, 0.0106
7.0944, 7.1112, 0.0168
6.9843, 6.9921, 0.0078
6.8741, 6.8779, 0.0038
6.7657, 6.7184, 0.0473
6.6608, 6.6339, 0.0269
6.5610, 6.5249, 0.0361
6.4673, 6.4575, 0.0098
6.3806, 6.3735, 0.0071
6.3011, 6.2954, 0.0057
6.2290, 6.2237, 0.0053
6.1642, 6.1606, 0.0036
6.1061, 6.1101, 0.0040
6.0541, 6.0544, 0.0003
6.0075, 6.0164, 0.0089
5.9655, 5.9734, 0.0079
5.9271, 5.9455, 0.0184
5.8918, 5.9004, 0.0086
5.8588, 5.8761, 0.0173
5.8276, 5.8357, 0.0081
5.7977, 5.8048, 0.0071
5.7689, 5.7752, 0.0063
5.7411, 5.7470, 0.0059
5.7143, 5.7144, 0.0001
5.6887, 5.6927, 0.0040
5.6646, 5.6643, 0.0003
5.6423, 5.6416, 0.0007
5.6222, 5.6214, 0.0008
5.6048, 5.6027, 0.0021
5.5905, 5.5887, 0.0018
5.5797, 5.5756, 0.0041
5.5729, 5.5698, 0.0031
5.5705, 5.5639, 0.0066
5.5726, 5.5683, 0.0043
5.5797, 5.5685, 0.0112
5.5919, 5.5788, 0.0131
5.6094, 5.6162, 0.0068
5.6324, 5.6077, 0.0247
5.6609, 5.6618, 0.0009
5.6951, 5.6601, 0.0350
5.7351, 5.7082, 0.0269
5.7809, 5.7292, 0.0517
5.8326, 5.8635, 0.0309
5.8903, 5.8409, 0.0494
5.9540, 5.9514, 0.0026
6.0239, 6.0026, 0.0213
6.0998, 6.0981, 0.0017
6.1817, 6.1653, 0.0164
6.2693, 6.2681, 0.0012
6.3623, 6.3637, 0.0014
6.4603, 6.4581, 0.0022
6.5627, 6.5616, 0.0011
6.6686, 6.6634, 0.0052
6.7771, 6.7712, 0.0059
6.8870, 6.8654, 0.0216
6.9971, 6.9839, 0.0132
7.1061, 7.0962, 0.0099
7.2125, 7.1906, 0.0219
7.3149, 7.3065, 0.0084
7.4121, 7.3928, 0.0193
7.5029, 7.4938, 0.0091
7.5863, 7.5508, 0.0355
7.6618, 7.6510, 0.0108
7.7291, 7.7308, 0.0017
7.7884, 7.7732, 0.0152
7.8402, 7.8330, 0.0072
7.8856, 7.8748, 0.0108
7.9260, 7.9492, 0.0232
7.9633, 7.9382, 0.0251
7.9994, 8.0366, 0.0372
8.0369, 7.9901, 0.0468
8.0782, 8.0737, 0.0045
8.1258, 8.1114, 0.0144
8.1820, 8.1724, 0.0096
8.2490, 8.2239, 0.0251
8.3288, 8.3148, 0.0140
8.4226, 8.3938, 0.0288
8.5313, 8.5157, 0.0156
8.6554, 8.6018, 0.0536
8.7946, 8.7244, 0.0702
8.9480, 8.9150, 0.0330
9.1144, 9.1232, 0.0088
9.2917, 9.2953, 0.0036
9.4778, 9.4548, 0.0230
9.6700, 9.6482, 0.0218
9.8655, 9.7296, 0.1359
10.0610, 10.0604, 0.0006
10.2537, 10.2669, 0.0132
10.4403, 10.4696, 0.0293
10.6181, 10.6246, 0.0065
10.7843, 10.8112, 0.0269
10.9366, 10.9576, 0.0210
11.0727, 11.0444, 0.0283
11.1909, 11.2064, 0.0155
11.2896, 11.2570, 0.0326
11.3678, 11.4018, 0.0340
11.4246, 11.4671, 0.0425
11.4595, 11.4517, 0.0078
11.4723, 11.5611, 0.0888
11.4630, 11.4684, 0.0054
11.4319, 11.4575, 0.0256
11.3794, 11.4305, 0.0511
11.3063, 11.3861, 0.0798
11.2135, 11.3712, 0.1577
11.1020, 11.2782, 0.1762
10.9731, 11.1406, 0.1675
10.8282, 11.1625, 0.3343
10.6689, 10.7156, 0.0467
10.4970, 10.5265, 0.0295
10.3144, 10.3466, 0.0322
10.1232, 10.0974, 0.0258
9.9255, 9.8535, 0.0720
9.7237, 9.6579, 0.0658
9.5200, 9.5074, 0.0126
9.3167, 9.2344, 0.0823
9.1163, 9.1055, 0.0108
8.9210, 8.9905, 0.0695
8.7328, 8.7595, 0.0267
8.5539, 8.6084, 0.0545
8.3860, 8.4150, 0.0290
8.2304, 8.2283, 0.0021
8.0885, 8.1095, 0.0210
7.9611, 7.8861, 0.0750
7.8487, 7.8677, 0.0190
7.7514, 7.7526, 0.0012
7.6690, 7.6815, 0.0125
7.6010, 7.5907, 0.0103
7.5465, 7.5473, 0.0008
7.5044, 7.4809, 0.0235
7.4732, 7.5030, 0.0298
7.4516, 7.4830, 0.0314
7.4379, 7.3959, 0.0420
7.4305, 7.3969, 0.0336
7.4277, 7.3888, 0.0389
7.4283, 7.5186, 0.0903
7.4308, 7.5126, 0.0818
7.4343, 7.6792, 0.2449
7.4380, 7.6589, 0.2209
7.4414, 7.3704, 0.0710
7.4442, 7.4264, 0.0178
7.4464, 7.4265, 0.0199
7.4484, 7.4350, 0.0134
7.4505, 7.4341, 0.0164
7.4534, 7.4680, 0.0146
7.4576, 7.4620, 0.0044
7.4638, 7.5423, 0.0785
7.4727, 7.5221, 0.0494
7.4846, 7.5326, 0.0480
7.4998, 7.5105, 0.0107
7.5184, 7.4831, 0.0353
7.5403, 7.5201, 0.0202
7.5651, 7.6521, 0.0870
7.5922, 7.6026, 0.0104
7.6207, 7.6154, 0.0053
7.6498, 7.6450, 0.0048
7.6784, 7.6744, 0.0040
7.7055, 7.7132, 0.0077
7.7299, 7.7379, 0.0080
7.7510, 7.7652, 0.0142
7.7677, 7.7815, 0.0138
7.7797, 7.7864, 0.0067
7.7866, 7.8011, 0.0145
7.7883, 7.8016, 0.0133
7.7851, 7.8003, 0.0152
7.7774, 7.7440, 0.0334
7.7659, 7.7443, 0.0216
7.7514, 7.7917, 0.0403
7.7347, 7.7642, 0.0295
7.7169, 7.7405, 0.0236
7.6987, 7.7411, 0.0424
7.6810, 7.7175, 0.0365
7.6644, 7.6963, 0.0319
7.6493, 7.6402, 0.0091
7.6358, 7.6129, 0.0229
7.6237, 7.5888, 0.0349
7.6129, 7.6310, 0.0181
7.6026, 7.6411, 0.0385
7.5922, 7.5994, 0.0072
7.5806, 7.5920, 0.0114
7.5671, 7.5724, 0.0053
7.5505, 7.5690, 0.0185
7.5302, 7.5674, 0.0372
7.5055, 7.5265, 0.0210
7.4759, 7.4994, 0.0235
7.4413, 7.4675, 0.0262
7.4020, 7.4029, 0.0009
7.3585, 7.3847, 0.0262
7.3117, 7.3101, 0.0016
7.2626, 7.2584, 0.0042
7.2128, 7.2092, 0.0036
7.1638, 7.1554, 0.0084
7.1171, 7.1117, 0.0054
7.0745, 7.0624, 0.0121
7.0375, 7.0302, 0.0073
7.0072, 6.9929, 0.0143
6.9848, 6.9763, 0.0085
6.9708, 6.9501, 0.0207
6.9654, 6.9455, 0.0199
6.9685, 6.9417, 0.0268
6.9792, 6.9512, 0.0280
6.9966, 6.9629, 0.0337
7.0192, 7.0336, 0.0144
7.0452, 7.0325, 0.0127
7.0726, 7.0894, 0.0168
7.0995, 7.0867, 0.0128
7.1237, 7.2338, 0.1101
7.1434, 7.1420, 0.0014
7.1567, 7.1679, 0.0112
7.1624, 7.1934, 0.0310
7.1593, 7.2859, 0.1266
7.1469, 7.2364, 0.0895
7.1248, 7.1160, 0.0088
7.0935, 7.1763, 0.0828
7.0534, 7.1191, 0.0657
7.0057, 7.0133, 0.0076
6.9514, 6.9977, 0.0463
6.8922, 6.8823, 0.0099
6.8295, 6.8356, 0.0061
6.7649, 6.7551, 0.0098
6.7000, 6.7127, 0.0127
6.6360, 6.6320, 0.0040
6.5740, 6.5733, 0.0007
6.5150, 6.5087, 0.0063
6.4594, 6.4618, 0.0024
6.4075, 6.3905, 0.0170
6.3592, 6.3672, 0.0080
6.3142, 6.3367, 0.0225
6.2719, 6.2880, 0.0161
6.2316, 6.2306, 0.0010
6.1925, 6.2021, 0.0096
6.1538, 6.1606, 0.0068
6.1148, 6.1320, 0.0172
6.0747, 6.0949, 0.0202
6.0331, 6.0517, 0.0186
5.9898, 6.0168, 0.0270
5.9448, 5.9765, 0.0317
5.8983, 5.9312, 0.0329
5.8508, 5.8512, 0.0004
5.8030, 5.8034, 0.0004
5.7558, 5.7553, 0.0005
5.7101, 5.7083, 0.0018
5.6670, 5.6649, 0.0021
5.6274, 5.6226, 0.0048
5.5924, 5.5886, 0.0038
5.5626, 5.5546, 0.0080
5.5387, 5.5337, 0.0050
5.5208, 5.5109, 0.0099
5.5092, 5.5036, 0.0056
5.5035, 5.4928, 0.0107
5.5032, 5.4981, 0.0051
5.5075, 5.4934, 0.0141
5.5156, 5.4987, 0.0169
5.5262, 5.4935, 0.0327
5.5382, 5.5009, 0.0373
5.5504, 5.5011, 0.0493
5.5615, 5.6248, 0.0633
5.5706, 5.5885, 0.0179
5.5767, 5.6352, 0.0585
5.5792, 5.6339, 0.0547
5.5778, 5.6232, 0.0454
5.5723, 5.6317, 0.0594
5.5629, 5.5650, 0.0021
5.5499, 5.6150, 0.0651
5.5340, 5.5435, 0.0095
5.5159, 5.4577, 0.0582
5.4967, 5.4978, 0.0011
5.4772, 5.4775, 0.0003
5.4585, 5.4600, 0.0015
5.4416, 5.4325, 0.0091
5.4274, 5.4235, 0.0039
5.4165, 5.4064, 0.0101
5.4097, 5.4044, 0.0053
5.4074, 5.3927, 0.0147
5.4098, 5.4024, 0.0074
5.4171, 5.4006, 0.0165
5.4294, 5.4089, 0.0205
5.4465, 5.4096, 0.0369
5.4683, 5.4196, 0.0487
5.4947, 5.4375, 0.0572
5.5256, 5.4575, 0.0681
5.5609, 5.4656, 0.0953
5.6007, 5.5722, 0.0285
5.6450, 5.5706, 0.0744
5.6941, 5.6686, 0.0255
5.7482, 5.7489, 0.0007
5.8076, 5.7913, 0.0163
5.8727, 5.8746, 0.0019
5.9437, 5.9303, 0.0134
6.0209, 6.0206, 0.0003
6.1042, 6.1038, 0.0004
6.1935, 6.1905, 0.0030
6.2884, 6.2830, 0.0054
6.3881, 6.3824, 0.0057
6.4917, 6.4797, 0.0120
6.5979, 6.5905, 0.0074
6.7052, 6.6855, 0.0197
6.8118, 6.8044, 0.0074
6.9159, 6.9094, 0.0065
7.0155, 7.0060, 0.0095
7.1086, 7.1152, 0.0066
7.1933, 7.1924, 0.0009
7.2680, 7.2805, 0.0125
7.3313, 7.3135, 0.0178
7.3821, 7.4022, 0.0201
7.4198, 7.3955, 0.0243
7.4443, 7.4759, 0.0316
7.4559, 7.4849, 0.0290
7.4552, 7.4630, 0.0078
7.4435, 7.4538, 0.0103
7.4222, 7.4339, 0.0117
7.3932, 7.4333, 0.0401
7.3584, 7.3666, 0.0082
7.3199, 7.4016, 0.0817
7.2796, 7.2574, 0.0222
7.2396, 7.1814, 0.0582
7.2015, 7.3244, 0.1229
7.1667, 7.2177, 0.0510
7.1364, 6.9495, 0.1869
7.1113, 7.0538, 0.0575
7.0918, 7.1755, 0.0837
7.0781, 7.0914, 0.0133
7.0698, 7.1314, 0.0616
7.0665, 7.1245, 0.0580
7.0677, 6.9894, 0.0783
7.0727, 7.0568, 0.0159
7.0807, 7.0715, 0.0092
7.0912, 7.0941, 0.0029
7.1037, 7.0783, 0.0254
7.1180, 7.1082, 0.0098
7.1341, 7.0819, 0.0522
7.1522, 7.0825, 0.0697
7.1728, 7.1882, 0.0154
7.1967, 7.1624, 0.0343
7.2246, 7.1762, 0.0484
7.2574, 7.2118, 0.0456
7.2960, 7.2693, 0.0267
7.3412, 7.2611, 0.0801
7.3933, 7.3070, 0.0863
7.4527, 7.4173, 0.0354
7.5192, 7.4936, 0.0256
7.5921, 7.5832, 0.0089
7.6703, 7.6572, 0.0131
7.7522, 7.7661, 0.0139
7.8359, 7.8542, 0.0183
7.9189, 7.9403, 0.0214
7.9985, 7.9995, 0.0010
8.0719, 8.0938, 0.0219
8.1360, 8.1455, 0.0095
8.1881, 8.2146, 0.0265
8.2255, 8.2548, 0.0293
8.2460, 8.3012, 0.0552
8.2477, 8.2873, 0.0396
8.2295, 8.2714, 0.0419
8.1909, 8.1023, 0.0886
8.1320, 8.2348, 0.1028
8.0536, 8.1695, 0.1159
7.9575, 8.0185, 0.0610
7.8456, 8.0236, 0.1780
7.7205, 7.9094, 0.1889
7.5854, 7.9589, 0.3735
7.4434, 7.6083, 0.1649
7.2977, 7.1542, 0.1435
7.1518, 7.1388, 0.0130
7.0086, 6.9907, 0.0179
6.8710, 6.9167, 0.0457
6.7412, 6.7329, 0.0083
6.6211, 6.5844, 0.0367
6.5122, 6.5011, 0.0111
6.4152, 6.4195, 0.0043
6.3305, 6.3126, 0.0179
6.2582, 6.2713, 0.0131
6.1976, 6.1681, 0.0295
6.1482, 6.1685, 0.0203
6.1090, 6.0924, 0.0166
6.0791, 6.1007, 0.0216
6.0575, 6.0333, 0.0242
6.0434, 6.0257, 0.0177
6.0361, 6.0159, 0.0202
6.0353, 6.1005, 0.0652
6.0405, 6.0305, 0.0100
6.0520, 6.0357, 0.0163
6.0698, 6.0115, 0.0583
6.0943, 6.0400, 0.0543
6.1258, 6.2050, 0.0792
6.1648, 6.0342, 0.1306
6.2116, 6.3718, 0.1602
6.2664, 6.3467, 0.0803
6.3290, 6.2100, 0.1190
6.3992, 6.4330, 0.0338
6.4761, 6.5981, 0.1220
6.5587, 6.5058, 0.0529
6.6457, 6.7279, 0.0822
6.7353, 6.7230, 0.0123
6.8257, 6.8456, 0.0199
6.9146, 6.8853, 0.0293
7.0000, 7.0334, 0.0334
7.0796, 7.1237, 0.0441
7.1516, 7.1531, 0.0015
7.2142, 7.2287, 0.0145
7.2659, 7.2872, 0.0213
7.3059, 7.3321, 0.0262
7.3336, 7.3499, 0.0163
7.3490, 7.3130, 0.0360
7.3527, 7.3797, 0.0270
7.3455, 7.3635, 0.0180
7.3289, 7.3578, 0.0289
7.3045, 7.2824, 0.0221
7.2742, 7.3049, 0.0307
7.2400, 7.2033, 0.0367
7.2038, 7.2459, 0.0421
7.1675, 7.1209, 0.0466
7.1326, 7.1789, 0.0463
7.1005, 7.1393, 0.0388
7.0719, 7.0784, 0.0065
7.0474, 7.0848, 0.0374
7.0271, 7.0749, 0.0478
7.0105, 7.0404, 0.0299
6.9968, 6.9610, 0.0358
6.9850, 7.0052, 0.0202
6.9739, 6.8769, 0.0970
6.9621, 6.9644, 0.0023
6.9483, 6.9328, 0.0155
6.9311, 6.9535, 0.0224
6.9095, 6.8908, 0.0187
6.8827, 6.9078, 0.0251
6.8502, 6.8797, 0.0295
6.8118, 6.8412, 0.0294
6.7678, 6.7903, 0.0225
6.7187, 6.7446, 0.0259
6.6653, 6.6661, 0.0008
6.6088, 6.6427, 0.0339
6.5502, 6.5496, 0.0006
6.4909, 6.4751, 0.0158
6.4319, 6.4245, 0.0074
6.3744, 6.3635, 0.0109
6.3191, 6.3197, 0.0006
6.2666, 6.2818, 0.0152
6.2170, 6.2284, 0.0114
6.1701, 6.1733, 0.0032
6.1255, 6.1520, 0.0265
6.0821, 6.1069, 0.0248
6.0389, 6.0492, 0.0103
5.9946, 6.0029, 0.0083
5.9475, 5.9683, 0.0208
5.8962, 5.9199, 0.0237
5.8391, 5.8675, 0.0284
5.7751, 5.8188, 0.0437
5.7031, 5.7084, 0.0053
5.6222, 5.6335, 0.0113
5.5320, 5.5376, 0.0056
5.4325, 5.4435, 0.0110
5.3242, 5.3284, 0.0042
5.2077, 5.1617, 0.0460
5.0841, 5.0858, 0.0017
4.9549, 4.9201, 0.0348
4.8216, 4.8198, 0.0018
4.6862, 4.6804, 0.0058
4.5504, 4.5449, 0.0055
4.4163, 4.4031, 0.0132
4.2857, 4.2767, 0.0090
4.1605, 4.1407, 0.0198
4.0422, 4.0308, 0.0114
3.9324, 3.9082, 0.0242
3.8324, 3.8194, 0.0130
3.7431, 3.7462, 0.0031
3.6653, 3.6552, 0.0101
3.5994, 3.5466, 0.0528
3.5459, 3.5350, 0.0109
3.5047, 3.4073, 0.0974
3.4757, 3.4609, 0.0148
3.4585, 3.3849, 0.0736
3.4529, 3.4170, 0.0359
3.4581, 3.4389, 0.0192
3.4735, 3.4520, 0.0215
3.4985, 3.4481, 0.0504
3.5322, 3.4693, 0.0629
3.5740, 3.4297, 0.1443
3.6230, 3.5101, 0.1129
3.6785, 3.6803, 0.0018
3.7398, 3.7997, 0.0599
3.8063, 3.7906, 0.0157
3.8771, 4.0017, 0.1246
3.9517, 3.9013, 0.0504
4.0295, 4.1017, 0.0722
4.1097, 4.2366, 0.1269
4.1918, 4.2896, 0.0978
4.2750, 4.2783, 0.0033
4.3588, 4.4046, 0.0458
4.4425, 4.4060, 0.0365
4.5254, 4.5324, 0.0070
4.6069, 4.6009, 0.0060
4.6863, 4.7049, 0.0186
4.7632, 4.7527, 0.0105
4.8372, 4.8058, 0.0314
4.9079, 4.8868, 0.0211
4.9752, 4.9529, 0.0223
5.0390, 5.0340, 0.0050
5.0997, 5.0852, 0.0145
5.1576, 5.1472, 0.0104
5.2132, 5.1941, 0.0191
5.2673, 5.2502, 0.0171
5.3208, 5.3218, 0.0010
5.3744, 5.3519, 0.0225
5.4290, 5.4280, 0.0010
5.4855, 5.4824, 0.0031
5.5446, 5.5416, 0.0030
5.6067, 5.6003, 0.0064
5.6722, 5.6683, 0.0039
5.7410, 5.7333, 0.0077
5.8128, 5.8094, 0.0034
5.8868, 5.8807, 0.0061
5.9622, 5.9605, 0.0017
6.0375, 6.0355, 0.0020
6.1114, 6.1125, 0.0011
6.1822, 6.1859, 0.0037
6.2481, 6.2525, 0.0044
6.3075, 6.3178, 0.0103
6.3589, 6.3662, 0.0073
6.4009, 6.4167, 0.0158
6.4325, 6.4421, 0.0096
6.4530, 6.4727, 0.0197
6.4624, 6.4841, 0.0217
6.4608, 6.4924, 0.0316
6.4490, 6.4863, 0.0373
6.4280, 6.4463, 0.0183
6.3993, 6.4170, 0.0177
6.3648, 6.3980, 0.0332
6.3264, 6.3646, 0.0382
6.2862, 6.3195, 0.0333
6.2461, 6.2492, 0.0031
6.2081, 6.2363, 0.0282
6.1738, 6.2162, 0.0424
6.1445, 6.0825, 0.0620
6.1212, 6.1853, 0.0641
6.1044, 6.1480, 0.0436
6.0940, 6.0972, 0.0032
6.0898, 6.1134, 0.0236
6.0910, 6.0530, 0.0380
6.0964, 6.0894, 0.0070
6.1047, 6.0957, 0.0090
6.1145, 6.0740, 0.0405
6.1243, 6.1134, 0.0109
6.1326, 6.1391, 0.0065
6.1382, 6.1391, 0.0009
6.1399, 6.1729, 0.0330
6.1371, 6.1718, 0.0347
6.1294, 6.2063, 0.0769
6.1168, 6.1430, 0.0262
6.0997, 6.1460, 0.0463
6.0788, 6.1171, 0.0383
6.0550, 6.1006, 0.0456
6.0294, 6.0320, 0.0026
6.0035, 5.9797, 0.0238
5.9784, 5.9578, 0.0206
5.9555, 5.9351, 0.0204
5.9359, 5.9190, 0.0169
5.9205, 5.9015, 0.0190
5.9099, 5.8936, 0.0163
5.9045, 5.8925, 0.0120
5.9043, 5.8871, 0.0172
5.9090, 5.9063, 0.0027
5.9182, 5.8911, 0.0271
5.9312, 5.9579, 0.0267
5.9471, 5.9192, 0.0279
5.9650, 5.9314, 0.0336
5.9842, 5.9355, 0.0487
6.0041, 5.9360, 0.0681
6.0241, 6.0309, 0.0068
6.0441, 6.0364, 0.0077
6.0642, 6.0776, 0.0134
6.0848, 6.0695, 0.0153
6.1068, 6.0532, 0.0536
6.1310, 6.1271, 0.0039
6.1588, 6.1520, 0.0068
6.1913, 6.1775, 0.0138
6.2300, 6.2042, 0.0258
6.2760, 6.2470, 0.0290
6.3303, 6.3098, 0.0205
6.3934, 6.3627, 0.0307
6.4655, 6.4413, 0.0242
6.5462, 6.5204, 0.0258
6.6345, 6.6385, 0.0040
6.7291, 6.7092, 0.0199
6.8278, 6.8360, 0.0082
6.9282, 6.9475, 0.0193
7.0273, 7.0390, 0.0117
7.1220, 7.1479, 0.0259
7.2090, 7.2237, 0.0147
7.2852, 7.3023, 0.0171
7.3475, 7.3496, 0.0021
7.3935, 7.4290, 0.0355
7.4210, 7.4184, 0.0026
7.4287, 7.4710, 0.0423
7.4158, 7.4067, 0.0091
7.3825, 7.2531, 0.1294
7.3296, 7.2891, 0.0405
7.2587, 7.2851, 0.0264
7.1721, 7.0783, 0.0938
7.0725, 7.1580, 0.0855
6.9630, 6.7911, 0.1719
6.8472, 7.0965, 0.2493
6.7285, 6.9011, 0.1726
6.6102, 6.6907, 0.0805
6.4955, 6.6633, 0.1678
6.3870, 6.3176, 0.0694
6.2872, 6.2339, 0.0533
6.1976, 6.2062, 0.0086
6.1193, 6.1306, 0.0113
6.0528, 6.0593, 0.0065
5.9980, 6.0645, 0.0665
5.9543, 5.9179, 0.0364
5.9207, 5.8987, 0.0220
5.8958, 5.7764, 0.1194
5.8782, 5.8346, 0.0436
5.8661, 5.8565, 0.0096
5.8581, 5.8331, 0.0250
5.8526, 5.8480, 0.0046
5.8486, 5.8520, 0.0034
5.8451, 5.8829, 0.0378
5.8415, 5.8579, 0.0164
5.8377, 5.9378, 0.1001
5.8336, 5.8840, 0.0504
5.8297, 5.7969, 0.0328
5.8264, 5.8288, 0.0024
5.8247, 5.8390, 0.0143
5.8251, 5.8297, 0.0046
5.8284, 5.8291, 0.0007
5.8354, 5.8279, 0.0075
5.8466, 5.8487, 0.0021
5.8621, 5.8430, 0.0191
5.8819, 5.8907, 0.0088
5.9059, 5.8780, 0.0279
5.9335, 5.9598, 0.0263
5.9639, 5.9293, 0.0346
5.9964, 5.9873, 0.0091
6.0297, 6.0308, 0.0011
6.0630, 6.0708, 0.0078
6.0953, 6.0998, 0.0045
6.1257, 6.1341, 0.0084
6.1537, 6.1614, 0.0077
6.1787, 6.2081, 0.0294
6.2009, 6.2107, 0.0098
6.2206, 6.2274, 0.0068
6.2383, 6.2428, 0.0045
6.2549, 6.2561, 0.0012
6.2716, 6.2570, 0.0146
6.2897, 6.2907, 0.0010
6.3105, 6.2739, 0.0366
6.3353, 6.3364, 0.0011
6.3653, 6.3710, 0.0057
6.4014, 6.4031, 0.0017
6.4444, 6.4511, 0.0067
6.4943, 6.4972, 0.0029
6.5510, 6.5473, 0.0037
6.6139, 6.6173, 0.0034
6.6820, 6.6843, 0.0023
6.7538, 6.7558, 0.0020
6.8276, 6.8303, 0.0027
6.9015, 6.8989, 0.0026
6.9734, 6.9792, 0.0058
7.0413, 7.0544, 0.0131
7.1035, 7.1252, 0.0217
7.1582, 7.1312, 0.0270
7.2043, 7.1866, 0.0177
7.2409, 7.2397, 0.0012
7.2678, 7.2246, 0.0432
7.2853, 7.2737, 0.0116
7.2941, 7.2684, 0.0257
7.2954, 7.2583, 0.0371
7.2908, 7.2897, 0.0011
7.2823, 7.1637, 0.1186
7.2719, 7.2576, 0.0143
7.2617, 7.2580, 0.0037
7.2536, 7.2072, 0.0464
7.2494, 7.2118, 0.0376
7.2504, 7.1503, 0.1001
7.2575, 7.1592, 0.0983
7.2711, 7.2119, 0.0592
7.2910, 7.2178, 0.0732
7.3165, 7.2914, 0.0251
7.3464, 7.3244, 0.0220
7.3790, 7.3754, 0.0036
7.4124, 7.4329, 0.0205
7.4445, 7.4485, 0.0040
7.4729, 7.4847, 0.0118
7.4957, 7.4989, 0.0032
7.5109, 7.5533, 0.0424
7.5169, 7.5627, 0.0458
7.5128, 7.5694, 0.0566
7.4980, 7.5379, 0.0399
7.4726, 7.5309, 0.0583
7.4370, 7.5277, 0.0907
7.3926, 7.5216, 0.1290
7.3407, 7.4067, 0.0660
7.2835, 7.3563, 0.0728
7.2230, 7.3563, 0.1333
7.1617, 7.1597, 0.0020
7.1017, 7.0823, 0.0194
7.0453, 7.0472, 0.0019
6.9942, 6.9760, 0.0182
6.9499, 6.9554, 0.0055
6.9134, 6.9422, 0.0288
6.8853, 6.8959, 0.0106
6.8656, 6.8387, 0.0269
6.8538, 6.8711, 0.0173
6.8490, 6.8336, 0.0154
6.8502, 6.9253, 0.0751
6.8557, 6.8380, 0.0177
6.8641, 6.8438, 0.0203
6.8739, 6.8086, 0.0653
6.8837, 6.9340, 0.0503
6.8924, 6.8475, 0.0449
6.8990, 6.9979, 0.0989
6.9032, 6.8763, 0.0269
6.9049, 6.9820, 0.0771
6.9045, 6.9384, 0.0339
6.9028, 6.9567, 0.0539
6.9008, 6.8640, 0.0368
6.9000, 6.8887, 0.0113
6.9016, 6.9345, 0.0329
6.9072, 6.9131, 0.0059
6.9182, 6.8977, 0.0205
6.9356, 6.8201, 0.1155
6.9603, 6.9163, 0.0440
6.9926, 6.8727, 0.1199
7.0325, 7.0129, 0.0196
7.0795, 7.0589, 0.0206
7.1328, 7.1385, 0.0057
7.1908, 7.1779, 0.0129
7.2518, 7.2607, 0.0089
7.3139, 7.3139, 0.0000
7.3751, 7.3854, 0.0103
7.4331, 7.4325, 0.0006
7.4863, 7.4960, 0.0097
7.5328, 7.5341, 0.0013
7.5716, 7.5834, 0.0118
7.6016, 7.6092, 0.0076
7.6228, 7.6410, 0.0182
7.6355, 7.6518, 0.0163
7.6403, 7.6391, 0.0012
7.6388, 7.6703, 0.0315
7.6324, 7.6152, 0.0172
7.6233, 7.5634, 0.0599
7.6134, 7.5451, 0.0683
7.6048, 7.6150, 0.0102
7.5995, 7.5729, 0.0266
7.5989, 7.6046, 0.0057
7.6042, 7.5259, 0.0783
7.6161, 7.6100, 0.0061
7.6343, 7.5728, 0.0615
7.6584, 7.6367, 0.0217
7.6869, 7.6857, 0.0012
7.7181, 7.7130, 0.0051
7.7497, 7.7501, 0.0004
7.7788, 7.7797, 0.0009
7.8026, 7.8068, 0.0042
7.8182, 7.8284, 0.0102
7.8228, 7.8331, 0.0103
7.8139, 7.8359, 0.0220
7.7892, 7.8190, 0.0298
7.7474, 7.7812, 0.0338
7.6874, 7.7857, 0.0983
7.6091, 7.7188, 0.1097
7.5129, 7.6054, 0.0925
7.4001, 7.4113, 0.0112
7.2725, 7.3116, 0.0391
7.1323, 7.1495, 0.0172
6.9821, 7.0367, 0.0546
6.8249, 6.8495, 0.0246
6.6637, 6.6704, 0.0067
6.5013, 6.5352, 0.0339
6.3405, 6.3495, 0.0090
6.1836, 6.2286, 0.0450
6.0327, 6.0433, 0.0106
5.8894, 5.9371, 0.0477
5.7547, 5.7811, 0.0264
5.6291, 5.6197, 0.0094
5.5127, 5.4859, 0.0268
5.4053, 5.3963, 0.0090
5.3062, 5.2835, 0.0227
5.2147, 5.1899, 0.0248
5.1298, 5.0843, 0.0455
5.0506, 5.0267, 0.0239
4.9763, 5.0031, 0.0268
4.9060, 4.8683, 0.0377
4.8394, 4.8733, 0.0339
4.7763, 4.8066, 0.0303
4.7166, 4.7587, 0.0421
4.6607, 4.6993, 0.0386
4.6090, 4.6059, 0.0031
4.5622, 4.5557, 0.0065
4.5210, 4.5170, 0.0040
4.4863, 4.4777, 0.0086
4.4588, 4.4533, 0.0055
4.4390, 4.4277, 0.0113
4.4276, 4.4204, 0.0072
4.4247, 4.4104, 0.0143
4.4303, 4.4221, 0.0082
4.4442, 4.4223, 0.0219
4.4660, 4.4424, 0.0236
4.4948, 4.4250, 0.0698
4.5299, 4.4278, 0.1021
4.5700, 4.6280, 0.0580
4.6142, 4.5603, 0.0539
4.6611, 4.6354, 0.0257
4.7097, 4.7209, 0.0112
4.7589, 4.7396, 0.0193
4.8077, 4.8462, 0.0385
4.8554, 4.9421, 0.0867
4.9014, 4.9382, 0.0368
4.9455, 4.9456, 0.0001
4.9874, 5.0120, 0.0246
5.0273, 5.0394, 0.0121
5.0653, 5.1124, 0.0471
5.1019, 5.1140, 0.0121
5.1373, 5.0837, 0.0536
5.1722, 5.1659, 0.0063
5.2069, 5.2025, 0.0044
5.2417, 5.2162, 0.0255
5.2769, 5.2852, 0.0083
5.3124, 5.2956, 0.0168
5.3483, 5.3745, 0.0262
5.3841, 5.3773, 0.0068
5.4193, 5.4138, 0.0055
5.4534, 5.4511, 0.0023
5.4855, 5.4877, 0.0022
5.5146, 5.5292, 0.0146
5.5397, 5.5434, 0.0037
5.5600, 5.5679, 0.0079
5.5744, 5.5797, 0.0053
5.5821, 5.5933, 0.0112
5.5826, 5.5894, 0.0068
5.5753, 5.6114, 0.0361
5.5601, 5.5758, 0.0157
5.5370, 5.5997, 0.0627
5.5064, 5.5281, 0.0217
5.4688, 5.5291, 0.0603
5.4250, 5.4879, 0.0629
5.3760, 5.4115, 0.0355
5.3228, 5.3494, 0.0266
5.2668, 5.2834, 0.0166
5.2090, 5.2768, 0.0678
5.1507, 5.1492, 0.0015
5.0931, 5.0872, 0.0059
5.0372, 5.0388, 0.0016
4.9839, 4.9697, 0.0142
4.9339, 4.9362, 0.0023
4.8877, 4.8860, 0.0017
4.8459, 4.8489, 0.0030
4.8084, 4.8046, 0.0038
4.7755, 4.7792, 0.0037
4.7471, 4.7389, 0.0082
4.7231, 4.7270, 0.0039
4.7032, 4.6888, 0.0144
4.6872, 4.6909, 0.0037
4.6750, 4.6529, 0.0221
4.6664, 4.6684, 0.0020
4.6612, 4.6606, 0.0006
4.6593, 4.6633, 0.0040
4.6609, 4.6589, 0.0020
4.6660, 4.6779, 0.0119
4.6746, 4.6660, 0.0086
4.6869, 4.6613, 0.0256
4.7029, 4.6827, 0.0202
4.7228, 4.7732, 0.0504
4.7465, 4.7100, 0.0365
4.7738, 4.7907, 0.0169
4.8047, 4.7862, 0.0185
4.8387, 4.8215, 0.0172
4.8754, 4.9138, 0.0384
4.9141, 4.9000, 0.0141
4.9542, 4.9790, 0.0248
4.9948, 4.9975, 0.0027
5.0352, 5.0558, 0.0206
5.0744, 5.0775, 0.0031
5.1115, 5.1140, 0.0025
5.1459, 5.1488, 0.0029
5.1769, 5.1802, 0.0033
5.2039, 5.2059, 0.0020
5.2268, 5.2273, 0.0005
5.2454, 5.2452, 0.0002
5.2600, 5.2550, 0.0050
5.2708, 5.2671, 0.0037
5.2787, 5.2715, 0.0072
5.2844, 5.2753, 0.0091
5.2888, 5.2765, 0.0123
5.2931, 5.2657, 0.0274
5.2983, 5.2701, 0.0282
5.3055, 5.2647, 0.0408
5.3156, 5.2726, 0.0430
5.3295, 5.2644, 0.0651
5.3478, 5.3431, 0.0047
5.3707, 5.3611, 0.0096
5.3984, 5.3932, 0.0052
5.4305, 5.4205, 0.0100
5.4666, 5.4622, 0.0044
5.5059, 5.5028, 0.0031
5.5474, 5.5451, 0.0023
5.5899, 5.5911, 0.0012
5.6321, 5.6379, 0.0058
5.6727, 5.6696, 0.0031
5.7107, 5.7106, 0.0001
5.7447, 5.7565, 0.0118
5.7741, 5.7774, 0.0033
5.7981, 5.8142, 0.0161
5.8165, 5.8277, 0.0112
5.8293, 5.8192, 0.0101
5.8368, 5.8476, 0.0108
5.8396, 5.8434, 0.0038
5.8388, 5.8208, 0.0180
5.8354, 5.8269, 0.0085
5.8306, 5.8326, 0.0020
5.8258, 5.8136, 0.0122
5.8222, 5.8213, 0.0009
5.8210, 5.7914, 0.0296
5.8231, 5.8144, 0.0087
5.8294, 5.7598, 0.0696
5.8401, 5.8187, 0.0214
5.8553, 5.7941, 0.0612
5.8749, 5.8680, 0.0069
5.8981, 5.8979, 0.0002
5.9243, 5.9202, 0.0041
5.9522, 5.9463, 0.0059
5.9806, 5.9734, 0.0072
6.0083, 5.9933, 0.0150
6.0338, 6.0205, 0.0133
6.0562, 6.0463, 0.0099
6.0743, 6.0480, 0.0263
6.0874, 6.0704, 0.0170
6.0950, 6.1094, 0.0144
6.0971, 6.1096, 0.0125
6.0938, 6.0897, 0.0041
6.0858, 6.0897, 0.0039
6.0739, 6.0858, 0.0119
6.0590, 6.0883, 0.0293
6.0425, 6.0671, 0.0246
6.0257, 6.0226, 0.0031
6.0096, 6.0382, 0.0286
5.9956, 5.9548, 0.0408
5.9846, 5.9632, 0.0214
5.9774, 5.9717, 0.0057
5.9745, 5.9343, 0.0402
5.9758, 5.9404, 0.0354
5.9814, 5.9638, 0.0176
5.9908, 6.0051, 0.0143
6.0033, 5.9856, 0.0177
6.0180, 6.0089, 0.0091
6.0338, 5.9775, 0.0563
6.0499, 6.0496, 0.0003
6.0651, 6.0499, 0.0152
6.0787, 6.0840, 0.0053
6.0901, 6.1252, 0.0351
6.0989, 6.1252, 0.0263
6.1051, 6.1142, 0.0091
6.1089, 6.1114, 0.0025
6.1110, 6.0682, 0.0428
6.1122, 6.1237, 0.0115
6.1135, 5.9969, 0.1166
6.1163, 6.0427, 0.0736
6.1217, 6.1188, 0.0029
6.1310, 6.0533, 0.0777
6.1453, 6.1094, 0.0359
6.1654, 6.1268, 0.0386
6.1919, 6.1782, 0.0137
6.2248, 6.2097, 0.0151
6.2639, 6.2627, 0.0012
6.3085, 6.2903, 0.0182
6.3575, 6.3598, 0.0023
6.4093, 6.3868, 0.0225
6.4622, 6.4669, 0.0047
6.5141, 6.5411, 0.0270
6.5630, 6.5702, 0.0072
6.6067, 6.6365, 0.0298
6.6432, 6.6456, 0.0024
6.6707, 6.6836, 0.0129
6.6879, 6.7035, 0.0156
6.6938, 6.7092, 0.0154
6.6879, 6.6967, 0.0088
6.6701, 6.7131, 0.0430
6.6410, 6.6753, 0.0343
6.6016, 6.6804, 0.0788
6.5533, 6.6306, 0.0773
6.4978, 6.5371, 0.0393
6.4371, 6.5318, 0.0947
6.3734, 6.3990, 0.0256
6.3087, 6.4479, 0.1392
6.2451, 6.2851, 0.0400
6.1845, 6.3032, 0.1187
6.1283, 6.1430, 0.0147
6.0779, 6.0452, 0.0327
6.0339, 6.0296, 0.0043
5.9968, 5.9980, 0.0012
5.9667, 5.9649, 0.0018
5.9432, 5.9535, 0.0103
5.9256, 5.9203, 0.0053
5.9133, 5.9270, 0.0137
5.9051, 5.9004, 0.0047
5.9000, 5.9229, 0.0229
5.8973, 5.8938, 0.0035
5.8959, 5.8945, 0.0014
5.8954, 5.8931, 0.0023
5.8952, 5.8936, 0.0016
5.8954, 5.9495, 0.0541
5.8961, 5.9231, 0.0270
5.8978, 5.9195, 0.0217
5.9011, 5.8758, 0.0253
5.9069, 5.9025, 0.0044
5.9160, 5.9019, 0.0141
5.9294, 5.9047, 0.0247
5.9478, 5.9101, 0.0377
5.9719, 5.9081, 0.0638
6.0021, 6.0244, 0.0223
6.0384, 6.0020, 0.0364
6.0804, 6.0680, 0.0124
6.1276, 6.1350, 0.0074
6.1790, 6.1570, 0.0220
6.2331, 6.2252, 0.0079
6.2884, 6.2710, 0.0174
6.3430, 6.3477, 0.0047
6.3950, 6.3925, 0.0025
6.4424, 6.4329, 0.0095
6.4834, 6.4851, 0.0017
6.5163, 6.5094, 0.0069
6.5399, 6.5507, 0.0108
6.5533, 6.5463, 0.0070
6.5558, 6.5565, 0.0007
6.5475, 6.5292, 0.0183
6.5289, 6.5591, 0.0302
6.5008, 6.4514, 0.0494
6.4645, 6.4712, 0.0067
6.4218, 6.3790, 0.0428
6.3744, 6.3738, 0.0006
6.3245, 6.3206, 0.0039
6.2739, 6.2050, 0.0689
6.2248, 6.2902, 0.0654
6.1788, 6.1635, 0.0153
6.1375, 6.2181, 0.0806
6.1020, 5.9962, 0.1058
6.0730, 6.0417, 0.0313
6.0509, 6.0387, 0.0122
6.0358, 6.0210, 0.0148
6.0271, 6.0111, 0.0160
6.0244, 6.0316, 0.0072
6.0266, 6.0120, 0.0146
6.0327, 6.0254, 0.0073
6.0416, 6.0364, 0.0052
6.0525, 6.0226, 0.0299
6.0645, 6.0520, 0.0125
6.0768, 6.0642, 0.0126
6.0893, 6.0642, 0.0251
6.1019, 6.0462, 0.0557
6.1148, 6.0800, 0.0348
6.1287, 6.0967, 0.0320
6.1443, 6.0990, 0.0453
6.1625, 6.1890, 0.0265
6.1844, 6.1522, 0.0322
6.2109, 6.1699, 0.0410
6.2430, 6.3068, 0.0638
6.2810, 6.2428, 0.0382
6.3254, 6.2782, 0.0472
6.3758, 6.3532, 0.0226
6.4318, 6.4025, 0.0293
6.4923, 6.4870, 0.0053
6.5557, 6.5428, 0.0129
6.6201, 6.6130, 0.0071
6.6833, 6.6923, 0.0090
6.7426, 6.7396, 0.0030
6.7956, 6.8072, 0.0116
6.8395, 6.8420, 0.0025
6.8720, 6.8789, 0.0069
6.8909, 6.9000, 0.0091
6.8945, 6.9059, 0.0114
6.8814, 6.8840, 0.0026
6.8511, 6.8815, 0.0304
6.8035, 6.8273, 0.0238
6.7392, 6.8121, 0.0729
6.6594, 6.7349, 0.0755
6.5659, 6.6797, 0.1138
6.4609, 6.5079, 0.0470
6.3469, 6.5394, 0.1925
6.2269, 6.2944, 0.0675
6.1037, 6.0699, 0.0338
5.9803, 5.9822, 0.0019
5.8594, 5.8459, 0.0135
5.7437, 5.7445, 0.0008
5.6351, 5.6283, 0.0068
5.5357, 5.5347, 0.0010
5.4467, 5.4354, 0.0113
5.3692, 5.3658, 0.0034
5.3034, 5.2838, 0.0196
5.2496, 5.2434, 0.0062
5.2073, 5.1751, 0.0322
5.1760, 5.1666, 0.0094
5.1550, 5.1074, 0.0476
5.1432, 5.1306, 0.0126
5.1397, 5.1266, 0.0131
5.1434, 5.1336, 0.0098
5.1535, 5.1360, 0.0175
5.1691, 5.1359, 0.0332
5.1896, 5.1402, 0.0494
5.2144, 5.1973, 0.0171
5.2433, 5.1450, 0.0983
5.2760, 5.3369, 0.0609
5.3124, 5.4555, 0.1431
5.3523, 5.3607, 0.0084
5.3959, 5.3098, 0.0861
5.4429, 5.5001, 0.0572
5.4931, 5.5909, 0.0978
5.5464, 5.5232, 0.0232
5.6021, 5.7081, 0.1060
5.6596, 5.6492, 0.0104
5.7183, 5.7260, 0.0077
5.7771, 5.7593, 0.0178
5.8351, 5.8671, 0.0320
5.8912, 5.8880, 0.0032
5.9442, 5.9304, 0.0138
5.9933, 5.9943, 0.0010
6.0375, 6.0210, 0.0165
6.0763, 6.0536, 0.0227
6.1093, 6.1168, 0.0075
6.1365, 6.1499, 0.0134
6.1581, 6.1781, 0.0200
6.1749, 6.1939, 0.0190
6.1878, 6.1842, 0.0036
6.1981, 6.1866, 0.0115
6.2073, 6.1710, 0.0363
6.2169, 6.1808, 0.0361
6.2286, 6.2283, 0.0003
6.2440, 6.2397, 0.0043
6.2643, 6.2590, 0.0053
6.2907, 6.2855, 0.0052
6.3239, 6.3165, 0.0074
6.3642, 6.3590, 0.0052
6.4112, 6.4039, 0.0073
6.4643, 6.4609, 0.0034
6.5223, 6.5260, 0.0037
6.5836, 6.5840, 0.0004
6.6461, 6.6505, 0.0044
6.7076, 6.7134, 0.0058
6.7658, 6.7713, 0.0055
6.8182, 6.8299, 0.0117
6.8625, 6.8776, 0.0151
6.8967, 6.9073, 0.0106
6.9191, 6.9412, 0.0221
6.9286, 6.9376, 0.0090
6.9244, 6.9468, 0.0224
6.9065, 6.9189, 0.0124
6.8753, 6.9030, 0.0277
6.8319, 6.8114, 0.0205
6.7777, 6.8347, 0.0570
6.7147, 6.6849, 0.0298
6.6451, 6.7290, 0.0839
6.5713, 6.5366, 0.0347
6.4958, 6.5559, 0.0601
6.4210, 6.3672, 0.0538
6.3490, 6.4467, 0.0977
6.2818, 6.2334, 0.0484
6.2208, 6.2717, 0.0509
6.1672, 6.1705, 0.0033
6.1217, 6.1444, 0.0227
6.0845, 6.0847, 0.0002
6.0554, 6.0692, 0.0138
6.0338, 6.0396, 0.0058
6.0189, 6.0354, 0.0165
6.0096, 6.0093, 0.0003
6.0048, 6.0304, 0.0256
6.0033, 6.0017, 0.0016
6.0042, 6.0001, 0.0041
6.0065, 6.0027, 0.0038
6.0096, 6.0192, 0.0096
6.0131, 6.0036, 0.0095
6.0169, 6.0455, 0.0286
6.0211, 6.0064, 0.0147
6.0263, 6.0825, 0.0562
6.0329, 6.0171, 0.0158
6.0415, 6.0482, 0.0067
6.0528, 6.0438, 0.0090
6.0676, 6.0491, 0.0185
6.0861, 6.0947, 0.0086
6.1087, 6.0855, 0.0232
6.1352, 6.1744, 0.0392
6.1654, 6.1332, 0.0322
6.1986, 6.2762, 0.0776
6.2338, 6.2273, 0.0065
6.2697, 6.2777, 0.0080
6.3051, 6.3126, 0.0075
6.3382, 6.3337, 0.0045
6.3676, 6.3836, 0.0160
6.3917, 6.3930, 0.0013
6.4093, 6.4134, 0.0041
6.4193, 6.4238, 0.0045
6.4212, 6.4280, 0.0068
6.4147, 6.4232, 0.0085
6.4000, 6.4093, 0.0093
6.3778, 6.3747, 0.0031
6.3492, 6.3679, 0.0187
6.3157, 6.2993, 0.0164
6.2793, 6.2860, 0.0067
6.2418, 6.2784, 0.0366
6.2054, 6.2328, 0.0274
6.1722, 6.2145, 0.0423
6.1441, 6.1198, 0.0243
6.1227, 6.1541, 0.0314
6.1092, 6.0588, 0.0504
6.1045, 6.1038, 0.0007
6.1088, 6.0862, 0.0226
6.1219, 6.0950, 0.0269
6.1430, 6.1042, 0.0388
6.1707, 6.1029, 0.0678
6.2034, 6.2993, 0.0959
6.2390, 6.2654, 0.0264
6.2751, 6.2654, 0.0097
6.3094, 6.3875, 0.0781
6.3396, 6.2924, 0.0472
6.3633, 6.2706, 0.0927
6.3788, 6.3500, 0.0288
6.3842, 6.3139, 0.0703
6.3786, 6.4237, 0.0451
6.3614, 6.3106, 0.0508
6.3323, 6.3867, 0.0544
6.2920, 6.1501, 0.1419
6.2413, 6.2920, 0.0507
6.1815, 6.2689, 0.0874
6.1144, 6.1126, 0.0018
6.0418, 6.0128, 0.0290
5.9659, 5.9704, 0.0045
5.8887, 5.8847, 0.0040
5.8123, 5.8237, 0.0114
5.7386, 5.7331, 0.0055
5.6692, 5.6907, 0.0215
5.6056, 5.5975, 0.0081
5.5488, 5.5442, 0.0046
5.4996, 5.4871, 0.0125
5.4583, 5.4523, 0.0060
5.4253, 5.4301, 0.0048
5.4004, 5.3929, 0.0075
5.3835, 5.3842, 0.0007
5.3743, 5.3649, 0.0094
5.3723, 5.3664, 0.0059
5.3775, 5.3689, 0.0086
5.3895, 5.3744, 0.0151
5.4082, 5.3717, 0.0365
5.4339, 5.3896, 0.0443
5.4665, 5.4401, 0.0264
5.5065, 5.4171, 0.0894
5.5543, 5.4737, 0.0806
5.6103, 5.6054, 0.0049
5.6748, 5.5812, 0.0936
5.7481, 5.7241, 0.0240
5.8302, 5.7316, 0.0986
5.9209, 5.8358, 0.0851
6.0197, 6.0210, 0.0013
6.1256, 6.1147, 0.0109
6.2373, 6.2482, 0.0109
6.3529, 6.3346, 0.0183
6.4706, 6.5108, 0.0402
6.5879, 6.6114, 0.0235
6.7022, 6.6559, 0.0463
6.8106, 6.8527, 0.0421
6.9103, 6.8913, 0.0190
6.9987, 7.0041, 0.0054
7.0733, 7.0535, 0.0198
7.1319, 7.1037, 0.0282
7.1728, 7.2079, 0.0351
7.1946, 7.2232, 0.0286
7.1969, 7.1968, 0.0001
7.1795, 7.2134, 0.0339
7.1432, 7.1743, 0.0311
7.0889, 7.2090, 0.1201
7.0185, 7.1391, 0.1206
6.9340, 7.0565, 0.1225
6.8379, 6.9264, 0.0885
6.7328, 6.5890, 0.1438
6.6217, 6.7954, 0.1737
6.5073, 6.5714, 0.0641
6.3923, 6.4211, 0.0288
6.2791, 6.3075, 0.0284
6.1699, 6.0383, 0.1316
6.0666, 6.1561, 0.0895
5.9706, 5.9779, 0.0073
5.8829, 5.9039, 0.0210
5.8044, 5.8161, 0.0117
5.7354, 5.7792, 0.0438
5.6758, 5.6908, 0.0150
5.6257, 5.6244, 0.0013
5.5846, 5.5987, 0.0141
5.5522, 5.5546, 0.0024
5.5279, 5.5489, 0.0210
5.5113, 5.5166, 0.0053
5.5019, 5.4953, 0.0066
5.4995, 5.5055, 0.0060
5.5039, 5.4988, 0.0051
5.5150, 5.5355, 0.0205
5.5326, 5.5127, 0.0199
5.5569, 5.5542, 0.0027
5.5879, 5.5463, 0.0416
5.6255, 5.6276, 0.0021
5.6697, 5.6025, 0.0672
5.7203, 5.7333, 0.0130
5.7769, 5.7597, 0.0172
5.8389, 5.8688, 0.0299
5.9055, 5.9179, 0.0124
5.9759, 6.0258, 0.0499
6.0486, 6.0940, 0.0454
6.1225, 6.1242, 0.0017
6.1959, 6.2358, 0.0399
6.2672, 6.2685, 0.0013
6.3349, 6.3908, 0.0559
6.3973, 6.3985, 0.0012
6.4531, 6.4655, 0.0124
6.5009, 6.5029, 0.0020
6.5399, 6.5633, 0.0234
6.5692, 6.5740, 0.0048
6.5885, 6.5523, 0.0362
6.5979, 6.6081, 0.0102
6.5976, 6.5872, 0.0104
6.5883, 6.6080, 0.0197
6.5709, 6.5840, 0.0131
6.5465, 6.5707, 0.0242
6.5164, 6.5089, 0.0075
6.4819, 6.5620, 0.0801
6.4443, 6.4321, 0.0122
6.4050, 6.3149, 0.0901
6.3650, 6.3547, 0.0103
6.3252, 6.3585, 0.0333
6.2864, 6.2926, 0.0062
6.2491, 6.1654, 0.0837
6.2134, 6.2551, 0.0417
6.1794, 6.0038, 0.1756
6.1469, 6.0747, 0.0722
6.1155, 6.1208, 0.0053
6.0848, 6.0926, 0.0078
6.0544, 6.0822, 0.0278
6.0238, 6.0417, 0.0179
5.9925, 6.0049, 0.0124
5.9605, 5.9825, 0.0220
5.9275, 5.9477, 0.0202
5.8938, 5.8940, 0.0002
5.8595, 5.8532, 0.0063
5.8253, 5.8169, 0.0084
5.7918, 5.7735, 0.0183
5.7599, 5.7572, 0.0027
5.7304, 5.7247, 0.0057
5.7045, 5.7007, 0.0038
5.6830, 5.6749, 0.0081
5.6670, 5.6618, 0.0052
5.6572, 5.6464, 0.0108
5.6543, 5.6478, 0.0065
5.6588, 5.6453, 0.0135
5.6708, 5.6585, 0.0123
5.6903, 5.6558, 0.0345
5.7170, 5.6531, 0.0639
5.7502, 5.6885, 0.0617
5.7890, 5.6936, 0.0954
5.8325, 5.7261, 0.1064
5.8793, 5.8151, 0.0642
5.9281, 5.9098, 0.0183
5.9775, 5.9807, 0.0032
6.0261, 6.0009, 0.0252
6.0727, 6.0631, 0.0096
6.1161, 6.1337, 0.0176
6.1555, 6.1500, 0.0055
6.1903, 6.2068, 0.0165
6.2202, 6.2398, 0.0196
6.2455, 6.2625, 0.0170
6.2664, 6.2793, 0.0129
6.2840, 6.2414, 0.0426
6.2993, 6.3149, 0.0156
6.3137, 6.3254, 0.0117
6.3291, 6.3473, 0.0182
6.3472, 6.3232, 0.0240
6.3700, 6.3383, 0.0317
6.3994, 6.3750, 0.0244
6.4373, 6.4068, 0.0305
6.4851, 6.4502, 0.0349
6.5443, 6.5347, 0.0096
6.6159, 6.5959, 0.0200
6.7002, 6.6908, 0.0094
6.7973, 6.7834, 0.0139
6.9068, 6.8704, 0.0364
7.0274, 6.9847, 0.0427
7.1577, 7.1131, 0.0446
7.2956, 7.2330, 0.0626
7.4387, 7.4439, 0.0052
7.5841, 7.5257, 0.0584
7.7288, 7.7403, 0.0115
7.8697, 7.8704, 0.0007
8.0036, 8.0202, 0.0166
8.1277, 8.1054, 0.0223
8.2391, 8.2359, 0.0032
8.3354, 8.2841, 0.0513
8.4147, 8.4021, 0.0126
8.4756, 8.5061, 0.0305
8.5171, 8.4414, 0.0757
8.5389, 8.5359, 0.0030
8.5412, 8.5415, 0.0003
8.5248, 8.5221, 0.0027
8.4907, 8.5138, 0.0231
8.4405, 8.4398, 0.0007
8.3760, 8.4709, 0.0949
8.2992, 8.3118, 0.0126
8.2121, 8.4459, 0.2338
8.1167, 8.1586, 0.0419
8.0152, 8.0580, 0.0428
7.9093, 7.9983, 0.0890
7.8009, 7.8134, 0.0125
7.6914, 7.8442, 0.1528
7.5825, 7.6648, 0.0823
7.4751, 7.4215, 0.0536
7.3706, 7.3360, 0.0346
7.2699, 7.3356, 0.0657
7.1739, 7.2117, 0.0378
7.0835, 7.1061, 0.0226
6.9995, 7.0390, 0.0395
6.9226, 6.9474, 0.0248
6.8534, 6.8948, 0.0414
6.7927, 6.8050, 0.0123
6.7408, 6.7291, 0.0117
6.6981, 6.6508, 0.0473
6.6648, 6.6664, 0.0016
6.6408, 6.6179, 0.0229
6.6260, 6.6270, 0.0010
6.6197, 6.5846, 0.0351
6.6214, 6.6159, 0.0055
6.6302, 6.6582, 0.0280
6.6448, 6.6330, 0.0118
6.6641, 6.6323, 0.0318
6.6868, 6.6763, 0.0105
6.7116, 6.6652, 0.0464
6.7371, 6.7411, 0.0040
6.7622, 6.7183, 0.0439
6.7858, 6.8306, 0.0448
6.8073, 6.8683, 0.0610
6.8263, 6.7536, 0.0727
6.8425, 6.8553, 0.0128
6.8561, 6.8678, 0.0117
6.8676, 6.9891, 0.1215
6.8777, 6.7913, 0.0864
6.8872, 7.0103, 0.1231
6.8973, 6.8228, 0.0745
6.9089, 6.8058, 0.1031
6.9231, 6.9272, 0.0041
6.9409, 6.9423, 0.0014
6.9631, 6.9481, 0.0150
6.9900, 6.9723, 0.0177
7.0218, 7.0044, 0.0174
7.0585, 7.0547, 0.0038
7.0994, 7.0986, 0.0008
7.1437, 7.1430, 0.0007
7.1901, 7.1912, 0.0011
7.2372, 7.2405, 0.0033
7.2834, 7.2819, 0.0015
7.3269, 7.3215, 0.0054
7.3658, 7.3712, 0.0054
7.3987, 7.4111, 0.0124
7.4239, 7.4333, 0.0094
7.4402, 7.4454, 0.0052
7.4467, 7.4622, 0.0155
7.4428, 7.4369, 0.0059
7.4284, 7.4294, 0.0010
7.4036, 7.3800, 0.0236
7.3691, 7.3711, 0.0020
7.3258, 7.2982, 0.0276
7.2751, 7.2808, 0.0057
7.2182, 7.1971, 0.0211
7.1568, 7.1455, 0.0113
7.0925, 7.1033, 0.0108
7.0268, 7.0330, 0.0062
6.9614, 7.0384, 0.0770
6.8974, 6.9079, 0.0105
6.8359, 6.8421, 0.0062
6.7780, 6.7880, 0.0100
6.7241, 6.7302, 0.0061
6.6746, 6.6874, 0.0128
6.6297, 6.6236, 0.0061
6.5891, 6.6095, 0.0204
6.5528, 6.5463, 0.0065
6.5204, 6.5374, 0.0170
6.4915, 6.4938, 0.0023
6.4658, 6.4723, 0.0065
6.4430, 6.4479, 0.0049
6.4230, 6.4331, 0.0101
6.4057, 6.4133, 0.0076
6.3913, 6.4022, 0.0109
6.3801, 6.3891, 0.0090
6.3725, 6.3862, 0.0137
6.3689, 6.3804, 0.0115
6.3700, 6.3765, 0.0065
6.3762, 6.3799, 0.0037
6.3881, 6.4137, 0.0256
6.4060, 6.3709, 0.0351
6.4301, 6.3708, 0.0593
6.4603, 6.4319, 0.0284
6.4962, 6.4404, 0.0558
6.5372, 6.4790, 0.0582
6.5824, 6.5621, 0.0203
6.6306, 6.7026, 0.0720
6.6802, 6.7263, 0.0461
6.7296, 6.7314, 0.0018
6.7771, 6.7670, 0.0101
6.8207, 6.8513, 0.0306
6.8587, 6.8521, 0.0066
6.8894, 6.9241, 0.0347
6.9114, 6.9127, 0.0013
6.9233, 6.9552, 0.0319
6.9244, 6.9522, 0.0278
6.9141, 6.9467, 0.0326
6.8924, 6.9020, 0.0096
6.8597, 6.8659, 0.0062
6.8167, 6.9116, 0.0949
6.7645, 6.7569, 0.0076
6.7045, 6.7368, 0.0323
6.6383, 6.6040, 0.0343
6.5677, 6.6585, 0.0908
6.4944, 6.4712, 0.0232
6.4204, 6.4042, 0.0162
6.3473, 6.3450, 0.0023
6.2766, 6.2827, 0.0061
6.2096, 6.2026, 0.0070
6.1473, 6.1212, 0.0261
6.0903, 6.1111, 0.0208
6.0392, 6.0412, 0.0020
5.9939, 5.9897, 0.0042
5.9542, 5.9608, 0.0066
5.9198, 5.9223, 0.0025
5.8901, 5.9025, 0.0124
5.8643, 5.8693, 0.0050
5.8418, 5.8622, 0.0204
5.8218, 5.8311, 0.0093
5.8038, 5.8113, 0.0075
5.7871, 5.8022, 0.0151
5.7715, 5.7847, 0.0132
5.7568, 5.7782, 0.0214
5.7432, 5.7528, 0.0096
5.7308, 5.7519, 0.0211
5.7202, 5.7392, 0.0190
5.7120, 5.7282, 0.0162
5.7068, 5.7556, 0.0488
5.7055, 5.7473, 0.0418
5.7089, 5.7043, 0.0046
5.7176, 5.7044, 0.0132
5.7325, 5.7163, 0.0162
5.7540, 5.7152, 0.0388
5.7826, 5.7755, 0.0071
5.8184, 5.7669, 0.0515
5.8614, 5.8280, 0.0334
5.9115, 5.9177, 0.0062
5.9681, 5.9407, 0.0274
6.0308, 5.9697, 0.0611
6.0987, 6.0922, 0.0065
6.1711, 6.1775, 0.0064
6.2470, 6.2598, 0.0128
6.3253, 6.3078, 0.0175
6.4051, 6.3949, 0.0102
6.4854, 6.4583, 0.0271
6.5651, 6.5687, 0.0036
6.6433, 6.6132, 0.0301
6.7192, 6.7197, 0.0005
6.7919, 6.7721, 0.0198
6.8606, 6.8544, 0.0062
6.9245, 6.8872, 0.0373
6.9829, 6.9666, 0.0163
7.0349, 7.0381, 0.0032
7.0798, 7.0510, 0.0288
7.1167, 7.0935, 0.0232
7.1449, 7.1401, 0.0048
7.1633, 7.2038, 0.0405
7.1713, 7.1778, 0.0065
7.1680, 7.1856, 0.0176
7.1525, 7.1848, 0.0323
7.1244, 7.0837, 0.0407
7.0831, 7.1925, 0.1094
7.0283, 6.9412, 0.0871
6.9601, 7.1059, 0.1458
6.8788, 6.9240, 0.0452
6.7850, 6.8941, 0.1091
6.6795, 6.7049, 0.0254
6.5636, 6.6569, 0.0933
6.4389, 6.5740, 0.1351
6.3074, 6.3792, 0.0718
6.1710, 6.2106, 0.0396
6.0320, 6.0724, 0.0404
5.8927, 5.9306, 0.0379
5.7554, 5.7876, 0.0322
5.6226, 5.6342, 0.0116
5.4962, 5.4985, 0.0023
5.3782, 5.3945, 0.0163
5.2704, 5.2694, 0.0010
5.1740, 5.1820, 0.0080
5.0900, 5.0811, 0.0089
5.0192, 5.0151, 0.0041
4.9619, 4.9409, 0.0210
4.9182, 4.9095, 0.0087
4.8878, 4.8521, 0.0357
4.8703, 4.8588, 0.0115
4.8651, 4.8489, 0.0162
4.8716, 4.8321, 0.0395
4.8889, 4.8606, 0.0283
4.9165, 4.9011, 0.0154
4.9537, 4.8810, 0.0727
4.9999, 4.9548, 0.0451
5.0548, 4.9847, 0.0701
5.1182, 5.1000, 0.0182
5.1900, 5.2962, 0.1062
5.2701, 5.2375, 0.0326
5.3586, 5.3616, 0.0030
5.4556, 5.3955, 0.0601
5.5609, 5.4458, 0.1151
5.6744, 5.7030, 0.0286
5.7958, 5.7145, 0.0813
5.9244, 5.9650, 0.0406
6.0591, 6.0329, 0.0262
6.1989, 6.1340, 0.0649
6.3418, 6.3004, 0.0414
6.4861, 6.4762, 0.0099
6.6293, 6.6182, 0.0111
6.7690, 6.7558, 0.0132
6.9027, 6.8785, 0.0242
7.0275, 7.0154, 0.0121
7.1410, 7.1021, 0.0389
7.2409, 7.2393, 0.0016
7.3252, 7.3373, 0.0121
7.3923, 7.3937, 0.0014
7.4414, 7.4589, 0.0175
7.4721, 7.4829, 0.0108
7.4848, 7.5042, 0.0194
7.4805, 7.5098, 0.0293
7.4609, 7.4791, 0.0182
7.4282, 7.5077, 0.0795
7.3850, 7.5116, 0.1266
7.3343, 7.2271, 0.1072
7.2792, 7.2437, 0.0355
7.2228, 7.4450, 0.2222
7.1681, 7.1086, 0.0595
7.1178, 7.0686, 0.0492
7.0739, 7.0983, 0.0244
7.0382, 6.8087, 0.2295
7.0115, 6.9909, 0.0206
6.9942, 6.9799, 0.0143
6.9860, 6.9999, 0.0139
6.9859, 6.8330, 0.1529
6.9923, 7.0455, 0.0532
7.0034, 6.9130, 0.0904
7.0170, 7.2927, 0.2757
7.0306, 7.2927, 0.2621
7.0421, 7.1978, 0.1557
7.0491, 7.1144, 0.0653
7.0499, 7.1972, 0.1473
7.0429, 7.0957, 0.0528
7.0273, 7.0389, 0.0116
7.0026, 7.0389, 0.0363
6.9689, 7.0312, 0.0623
6.9269, 6.9825, 0.0556
6.8779, 6.8897, 0.0118
6.8233, 6.8337, 0.0104
6.7650, 6.7787, 0.0137
6.7050, 6.6819, 0.0231
6.6454, 6.6607, 0.0153
6.5881, 6.5699, 0.0182
6.5349, 6.5244, 0.0105
6.4873, 6.4701, 0.0172
6.4461, 6.4367, 0.0094
6.4121, 6.3944, 0.0177
6.3854, 6.3610, 0.0244
6.3657, 6.3617, 0.0040
6.3522, 6.3426, 0.0096
6.3439, 6.3402, 0.0037
6.3394, 6.3308, 0.0086
6.3372, 6.3380, 0.0008
6.3358, 6.3348, 0.0010
6.3338, 6.3479, 0.0141
6.3297, 6.3334, 0.0037
6.3225, 6.3738, 0.0513
6.3114, 6.3227, 0.0113
6.2959, 6.3448, 0.0489
6.2760, 6.2984, 0.0224
6.2520, 6.2740, 0.0220
6.2244, 6.2286, 0.0042
6.1940, 6.2234, 0.0294
6.1619, 6.1647, 0.0028
6.1292, 6.1339, 0.0047
6.0970, 6.1240, 0.0270
6.0663, 6.0825, 0.0162
6.0380, 6.0371, 0.0009
6.0128, 6.0102, 0.0026
5.9911, 5.9887, 0.0024
5.9730, 5.9680, 0.0050
5.9584, 5.9555, 0.0029
5.9469, 5.9368, 0.0101
5.9379, 5.9274, 0.0105
5.9307, 5.9260, 0.0047
5.9246, 5.9224, 0.0022
5.9186, 5.9238, 0.0052
5.9122, 5.9145, 0.0023
5.9049, 5.9194, 0.0145
5.8964, 5.9046, 0.0082
5.8868, 5.9039, 0.0171
5.8763, 5.8902, 0.0139
5.8657, 5.8713, 0.0056
5.8560, 5.8651, 0.0091
5.8482, 5.8554, 0.0072
5.8438, 5.8407, 0.0031
5.8442, 5.8367, 0.0075
5.8507, 5.8442, 0.0065
5.8648, 5.8441, 0.0207
5.8875, 5.8626, 0.0249
5.9195, 5.8653, 0.0542
5.9613, 5.9103, 0.0510
6.0127, 5.9637, 0.0490
6.0732, 6.0515, 0.0217
6.1417, 6.1280, 0.0137
6.2167, 6.2014, 0.0153
6.2964, 6.2773, 0.0191
6.3784, 6.3827, 0.0043
6.4604, 6.4557, 0.0047
6.5397, 6.5496, 0.0099
6.6137, 6.6364, 0.0227
6.6800, 6.7021, 0.0221
6.7366, 6.7693, 0.0327
6.7817, 6.8178, 0.0361
6.8138, 6.8232, 0.0094
6.8323, 6.8309, 0.0014
6.8369, 6.8169, 0.0200
6.8280, 6.8244, 0.0036
6.8065, 6.7322, 0.0743
6.7738, 6.7073, 0.0665
6.7317, 6.6259, 0.1058
6.6822, 6.6337, 0.0485
6.6276, 6.6790, 0.0514
6.5703, 6.4855, 0.0848
6.5125, 6.4577, 0.0548
6.4563, 6.4822, 0.0259
6.4034, 6.4099, 0.0065
6.3553, 6.3358, 0.0195
6.3130, 6.2723, 0.0407
6.2770, 6.3072, 0.0302
6.2475, 6.2084, 0.0391
6.2240, 6.2065, 0.0175
6.2058, 6.1949, 0.0109
6.1919, 6.1684, 0.0235
6.1808, 6.2497, 0.0689
6.1711, 6.1695, 0.0016
6.1613, 6.1641, 0.0028
6.1498, 6.1602, 0.0104
6.1351, 6.1479, 0.0128
6.1162, 6.1376, 0.0214
6.0919, 6.1002, 0.0083
6.0617, 6.0978, 0.0361
6.0252, 6.0430, 0.0178
5.9823, 6.0187, 0.0364
5.9334, 5.9757, 0.0423
5.8790, 5.8841, 0.0051
5.8199, 5.8294, 0.0095
5.7571, 5.7605, 0.0034
5.6918, 5.7116, 0.0198
5.6253, 5.6502, 0.0249
5.5588, 5.5832, 0.0244
5.4937, 5.4912, 0.0025
5.4311, 5.4594, 0.0283
5.3724, 5.3670, 0.0054
5.3186, 5.3364, 0.0178
5.2707, 5.2633, 0.0074
5.2297, 5.2451, 0.0154
5.1964, 5.1965, 0.0001
5.1716, 5.1626, 0.0090
5.1559, 5.1516, 0.0043
5.1500, 5.1358, 0.0142
5.1544, 5.1431, 0.0113
5.1696, 5.1423, 0.0273
5.1959, 5.1521, 0.0438
5.2339, 5.1494, 0.0845
5.2836, 5.2076, 0.0760
5.3453, 5.2140, 0.1313
5.4190, 5.4666, 0.0476
5.5044, 5.3780, 0.1264
5.6011, 5.6482, 0.0471
5.7086, 5.6163, 0.0923
5.8259, 5.8241, 0.0018
5.9519, 5.9332, 0.0187
6.0850, 6.0351, 0.0499
6.2236, 6.1849, 0.0387
6.3657, 6.2981, 0.0676
6.5090, 6.4419, 0.0671
6.6513, 6.6650, 0.0137
6.7900, 6.7655, 0.0245
6.9228, 6.9502, 0.0274
7.0473, 7.0499, 0.0026
7.1613, 7.1630, 0.0017
7.2627, 7.2725, 0.0098
7.3502, 7.3356, 0.0146
7.4225, 7.4397, 0.0172
7.4791, 7.4500, 0.0291
7.5197, 7.5416, 0.0219
7.5448, 7.5589, 0.0141
7.5555, 7.5269, 0.0286
7.5530, 7.5794, 0.0264
7.5395, 7.5714, 0.0319
7.5170, 7.4764, 0.0406
7.4881, 7.5814, 0.0933
7.4553, 7.3118, 0.1435
7.4212, 7.6032, 0.1820
7.3880, 7.3040, 0.0840
7.3580, 7.1961, 0.1619
7.3328, 7.3884, 0.0556
7.3137, 7.2555, 0.0582
7.3012, 7.3384, 0.0372
7.2956, 7.2081, 0.0875
7.2964, 7.2716, 0.0248
7.3028, 7.2600, 0.0428
7.3132, 7.1680, 0.1452
7.3260, 7.1865, 0.1395
7.3393, 7.2962, 0.0431
7.3511, 7.4037, 0.0526
7.3593, 7.4428, 0.0835
7.3622, 7.3189, 0.0433
7.3582, 7.3285, 0.0297
7.3463, 7.3253, 0.0210
7.3259, 7.3232, 0.0027
7.2968, 7.3028, 0.0060
7.2594, 7.2734, 0.0140
7.2146, 7.2376, 0.0230
7.1638, 7.1796, 0.0158
7.1086, 7.1226, 0.0140
7.0509, 7.0472, 0.0037
6.9927, 7.0066, 0.0139
6.9360, 6.9308, 0.0052
6.8827, 6.9068, 0.0241
6.8343, 6.8404, 0.0061
6.7921, 6.7784, 0.0137
6.7569, 6.7433, 0.0136
6.7291, 6.7084, 0.0207
6.7085, 6.6953, 0.0132
6.6946, 6.6808, 0.0138
6.6864, 6.6867, 0.0003
6.6826, 6.6793, 0.0033
6.6817, 6.6805, 0.0012
6.6819, 6.6806, 0.0013
6.6816, 6.6798, 0.0018
6.6792, 6.6840, 0.0048
6.6734, 6.6724, 0.0010
6.6629, 6.6807, 0.0178
6.6470, 6.6481, 0.0011
6.6253, 6.6494, 0.0241
6.5979, 6.6021, 0.0042
6.5651, 6.5750, 0.0099
6.5278, 6.5349, 0.0071
6.4870, 6.4982, 0.0112
6.4439, 6.4533, 0.0094
6.4000, 6.4099, 0.0099
6.3566, 6.3668, 0.0102
6.3150, 6.3272, 0.0122
6.2766, 6.2528, 0.0238
6.2423, 6.2361, 0.0062
6.2126, 6.2085, 0.0041
6.1881, 6.1802, 0.0079
6.1687, 6.1638, 0.0049
6.1543, 6.1542, 0.0001
6.1443, 6.1479, 0.0036
6.1379, 6.1349, 0.0030
6.1342, 6.1270, 0.0072
6.1322, 6.1263, 0.0059
6.1308, 6.1268, 0.0040
6.1293, 6.1213, 0.0080
6.1267, 6.1770, 0.0503
6.1225, 6.1212, 0.0013
6.1163, 6.1604, 0.0441
6.1082, 6.1048, 0.0034
6.0983, 6.1100, 0.0117
6.0871, 6.0810, 0.0061
6.0754, 6.0634, 0.0120
6.0641, 6.0544, 0.0097
6.0540, 6.0444, 0.0096
6.0463, 6.0290, 0.0173
6.0417, 6.0271, 0.0146
6.0413, 6.0246, 0.0167
6.0455, 6.0215, 0.0240
6.0548, 6.0281, 0.0267
6.0692, 6.0528, 0.0164
6.0885, 6.0424, 0.0461
6.1122, 6.0817, 0.0305
6.1395, 6.0631, 0.0764
6.1693, 6.1144, 0.0549
6.2006, 6.1459, 0.0547
6.2319, 6.2482, 0.0163
6.2622, 6.2679, 0.0057
6.2901, 6.3065, 0.0164
6.3147, 6.3305, 0.0158
6.3352, 6.3542, 0.0190
6.3510, 6.3659, 0.0149
6.3620, 6.3704, 0.0084
6.3683, 6.3763, 0.0080
6.3705, 6.3870, 0.0165
6.3694, 6.3800, 0.0106
6.3661, 6.3572, 0.0089
6.3617, 6.3251, 0.0366
6.3577, 6.3184, 0.0393
6.3552, 6.3005, 0.0547
6.3556, 6.2729, 0.0827
6.3599, 6.3588, 0.0011
6.3690, 6.3257, 0.0433
6.3832, 6.3638, 0.0194
6.4028, 6.3457, 0.0571
6.4276, 6.3647, 0.0629
6.4569, 6.4528, 0.0041
6.4900, 6.4824, 0.0076
6.5256, 6.5236, 0.0020
6.5623, 6.5539, 0.0084
6.5988, 6.6121, 0.0133
6.6336, 6.6242, 0.0094
6.6653, 6.6756, 0.0103
6.6928, 6.6817, 0.0111
6.7151, 6.7093, 0.0058
6.7317, 6.7408, 0.0091
6.7422, 6.7346, 0.0076
6.7470, 6.7554, 0.0084
6.7465, 6.7398, 0.0067
6.7415, 6.7312, 0.0103
6.7331, 6.7365, 0.0034
6.7227, 6.6850, 0.0377
6.7117, 6.7055, 0.0062
6.7013, 6.6668, 0.0345
6.6929, 6.6639, 0.0290
6.6876, 6.6055, 0.0821
6.6862, 6.6666, 0.0196
6.6891, 6.6423, 0.0468
6.6965, 6.6569, 0.0396
6.7081, 6.6909, 0.0172
6.7231, 6.6772, 0.0459
6.7408, 6.6683, 0.0725
6.7597, 6.7415, 0.0182
6.7786, 6.7711, 0.0075
6.7959, 6.7975, 0.0016
6.8102, 6.8132, 0.0030
6.8203, 6.8230, 0.0027
6.8249, 6.8316, 0.0067
6.8235, 6.8290, 0.0055
6.8156, 6.8324, 0.0168
6.8012, 6.8324, 0.0312
6.7809, 6.8277, 0.0468
6.7555, 6.8307, 0.0752
6.7263, 6.7244, 0.0019
6.6949, 6.6902, 0.0047
6.6630, 6.6407, 0.0223
6.6325, 6.6267, 0.0058
6.6051, 6.5970, 0.0081
6.5826, 6.5763, 0.0063
6.5665, 6.5514, 0.0151
6.5578, 6.5332, 0.0246
6.5573, 6.5542, 0.0031
6.5654, 6.5495, 0.0159
6.5818, 6.5724, 0.0094
6.6059, 6.5527, 0.0532
6.6366, 6.5813, 0.0553
6.6723, 6.5813, 0.0910
6.7114, 6.6709, 0.0405
6.7519, 6.7636, 0.0117
6.7915, 6.7304, 0.0611
6.8283, 6.7760, 0.0523
6.8603, 6.8323, 0.0280
6.8857, 6.8249, 0.0608
6.9031, 6.9484, 0.0453
6.9113, 6.9390, 0.0277
6.9097, 6.9373, 0.0276
6.8981, 6.7946, 0.1035
6.8767, 6.9184, 0.0417
6.8462, 6.9101, 0.0639
6.8075, 6.9337, 0.1262
6.7620, 6.7654, 0.0034
6.7112, 6.6024, 0.1088
6.6567, 6.6988, 0.0421
6.6004, 6.6718, 0.0714
6.5439, 6.5785, 0.0346
6.4889, 6.4906, 0.0017
6.4368, 6.4230, 0.0138
6.3888, 6.3837, 0.0051
6.3459, 6.3291, 0.0168
6.3089, 6.3003, 0.0086
6.2783, 6.2811, 0.0028
6.2544, 6.2415, 0.0129
6.2372, 6.2382, 0.0010
6.2267, 6.2087, 0.0180
6.2228, 6.2149, 0.0079
6.2253, 6.2090, 0.0163
6.2342, 6.2230, 0.0112
6.2493, 6.2081, 0.0412
6.2708, 6.2204, 0.0504
6.2988, 6.2649, 0.0339
6.3336, 6.3699, 0.0363
6.3755, 6.3213, 0.0542
6.4250, 6.5012, 0.0762
6.4825, 6.3979, 0.0846
6.5484, 6.4999, 0.0485
6.6227, 6.5677, 0.0550
6.7057, 6.6809, 0.0248
6.7970, 6.7851, 0.0119
6.8960, 6.8697, 0.0263
7.0018, 6.9679, 0.0339
7.1131, 7.1059, 0.0072
7.2284, 7.2174, 0.0110
7.3456, 7.3358, 0.0098
7.4624, 7.4478, 0.0146
7.5765, 7.5634, 0.0131
7.6851, 7.6868, 0.0017
7.7857, 7.8009, 0.0152
7.8755, 7.8620, 0.0135
7.9522, 7.9766, 0.0244
8.0137, 8.0119, 0.0018
8.0580, 8.0725, 0.0145
8.0839, 8.0801, 0.0038
8.0903, 8.1160, 0.0257
8.0770, 8.0727, 0.0043
8.0440, 8.0745, 0.0305
7.9920, 7.9807, 0.0113
7.9219, 8.0076, 0.0857
7.8353, 7.8237, 0.0116
7.7339, 7.9056, 0.1717
7.6198, 7.6202, 0.0004
7.4952, 7.6836, 0.1884
7.3624, 7.3916, 0.0292
7.2235, 7.2213, 0.0022
7.0809, 7.1592, 0.0783
6.9366, 6.9131, 0.0235
6.7923, 6.8205, 0.0282
6.6498, 6.6904, 0.0406
6.5107, 6.5337, 0.0230
6.3759, 6.4159, 0.0400
6.2466, 6.2761, 0.0295
6.1237, 6.1435, 0.0198
6.0079, 6.0256, 0.0177
5.8998, 5.9023, 0.0025
5.7999, 5.8209, 0.0210
5.7088, 5.7220, 0.0132
5.6270, 5.6616, 0.0346
5.5552, 5.5686, 0.0134
5.4939, 5.4317, 0.0622
5.4437, 5.4608, 0.0171
5.4053, 5.4104, 0.0051
5.3792, 5.3965, 0.0173
5.3659, 5.3706, 0.0047
5.3657, 5.3392, 0.0265
5.3789, 5.3799, 0.0010
5.4053, 5.3576, 0.0477
5.4447, 5.4251, 0.0196
5.4963, 5.4412, 0.0551
5.5591, 5.4881, 0.0710
5.6319, 5.6213, 0.0106
5.7129, 5.5552, 0.1577
5.8003, 5.7663, 0.0340
5.8918, 5.8539, 0.0379
5.9852, 5.9451, 0.0401
6.0780, 6.0835, 0.0055
6.1678, 6.1664, 0.0014
6.2525, 6.3141, 0.0616
6.3298, 6.3751, 0.0453
6.3982, 6.0120, 0.3862
6.4563, 6.5191, 0.0628
6.5031, 6.5050, 0.0019
6.5382, 6.5280, 0.0102
6.5617, 6.5720, 0.0103
6.5743, 6.5450, 0.0293
6.5770, 6.6013, 0.0243
6.5712, 6.4760, 0.0952
6.5588, 6.6095, 0.0507
6.5416, 6.5014, 0.0402
6.5218, 6.5186, 0.0032
6.5016, 6.4318, 0.0698
6.4828, 6.4965, 0.0137
6.4674, 6.4228, 0.0446
6.4567, 6.4536, 0.0031
6.4519, 6.4709, 0.0190
6.4538, 6.4216, 0.0322
6.4626, 6.4362, 0.0264
6.4783, 6.4074, 0.0709
6.5004, 6.5623, 0.0619
6.5280, 6.5643, 0.0363
6.5602, 6.5357, 0.0245
6.5957, 6.6100, 0.0143
6.6332, 6.6312, 0.0020
6.6715, 6.6552, 0.0163
6.7095, 6.6796, 0.0299
6.7462, 6.7172, 0.0290
6.7810, 6.8091, 0.0281
6.8136, 6.8135, 0.0001
6.8440, 6.7893, 0.0547
6.8726, 6.8651, 0.0075
6.9000, 6.8990, 0.0010
6.9270, 6.9200, 0.0070
6.9546, 6.9374, 0.0172
6.9841, 6.9691, 0.0150
7.0163, 6.9743, 0.0420
7.0525, 7.0092, 0.0433
7.0931, 7.0577, 0.0354
7.1388, 7.1103, 0.0285
7.1897, 7.1878, 0.0019
7.2454, 7.1993, 0.0461
7.3052, 7.3052, 0.0000
7.3681, 7.3688, 0.0007
7.4325, 7.4345, 0.0020
7.4969, 7.5020, 0.0051
7.5593, 7.5639, 0.0046
7.6176, 7.6283, 0.0107
7.6699, 7.6773, 0.0074
7.7143, 7.7154, 0.0011
7.7491, 7.7589, 0.0098
7.7731, 7.7936, 0.0205
7.7853, 7.8013, 0.0160
7.7854, 7.8129, 0.0275
7.7734, 7.7974, 0.0240
7.7499, 7.7782, 0.0283
7.7158, 7.7343, 0.0185
7.6726, 7.7430, 0.0704
7.6219, 7.6540, 0.0321
7.5659, 7.6091, 0.0432
7.5065, 7.5411, 0.0346
7.4457, 7.4123, 0.0334
7.3857, 7.4156, 0.0299
7.3282, 7.3645, 0.0363
7.2746, 7.2813, 0.0067
7.2262, 7.1412, 0.0850
7.1838, 7.1699, 0.0139
7.1476, 7.1366, 0.0110
7.1178, 7.1020, 0.0158
7.0938, 7.0890, 0.0048
7.0751, 7.0997, 0.0246
7.0605, 7.0629, 0.0024
7.0490, 7.0519, 0.0029
7.0392, 7.0517, 0.0125
7.0300, 7.0394, 0.0094
7.0201, 7.0591, 0.0390
7.0084, 7.0180, 0.0096
6.9940, 6.9912, 0.0028
6.9764, 6.9879, 0.0115
6.9552, 6.9570, 0.0018
6.9304, 6.9838, 0.0534
6.9022, 6.9158, 0.0136
6.8709, 6.8879, 0.0170
6.8374, 6.8717, 0.0343
6.8025, 6.8049, 0.0024
6.7670, 6.7507, 0.0163
6.7321, 6.7170, 0.0151
6.6986, 6.6796, 0.0190
6.6675, 6.6480, 0.0195
6.6395, 6.6189, 0.0206
6.6153, 6.6125, 0.0028
6.5954, 6.5909, 0.0045
6.5799, 6.5761, 0.0038
6.5690, 6.5665, 0.0025
6.5626, 6.5559, 0.0067
6.5603, 6.5596, 0.0007
6.5618, 6.5487, 0.0131
6.5668, 6.5699, 0.0031
6.5746, 6.5521, 0.0225
6.5849, 6.6011, 0.0162
6.5971, 6.6111, 0.0140
6.6110, 6.6563, 0.0453
6.6263, 6.6584, 0.0321
6.6429, 6.5961, 0.0468
6.6607, 6.6685, 0.0078
6.6799, 6.6642, 0.0157
6.7006, 6.7334, 0.0328
6.7230, 6.7175, 0.0055
6.7472, 6.7572, 0.0100
6.7735, 6.7882, 0.0147
6.8019, 6.7841, 0.0178
6.8324, 6.8190, 0.0134
6.8649, 6.8517, 0.0132
6.8990, 6.8785, 0.0205
6.9344, 6.9263, 0.0081
6.9703, 6.9607, 0.0096
7.0061, 7.0028, 0.0033
7.0408, 7.0317, 0.0091
7.0736, 7.0702, 0.0034
7.1034, 7.1050, 0.0016
7.1295, 7.1272, 0.0023
7.1510, 7.1544, 0.0034
7.1673, 7.1671, 0.0002
7.1779, 7.1836, 0.0057
7.1827, 7.1939, 0.0112
7.1817, 7.1925, 0.0108
7.1753, 7.1853, 0.0100
7.1641, 7.1515, 0.0126
7.1490, 7.1568, 0.0078
7.1309, 7.1589, 0.0280
7.1111, 7.1218, 0.0107
7.0908, 7.1439, 0.0531
7.0712, 7.0425, 0.0287
7.0535, 7.0620, 0.0085
7.0387, 7.0245, 0.0142
7.0278, 7.0295, 0.0017
7.0212, 7.0062, 0.0150
7.0193, 7.0076, 0.0117
7.0221, 6.9665, 0.0556
7.0294, 7.0379, 0.0085
7.0406, 7.0524, 0.0118
7.0550, 7.0367, 0.0183
7.0717, 7.0339, 0.0378
7.0898, 7.0339, 0.0559
7.1081, 7.0612, 0.0469
7.1259, 7.1250, 0.0009
7.1423, 7.1623, 0.0200
7.1568, 7.1528, 0.0040
7.1688, 7.2020, 0.0332
7.1785, 7.1636, 0.0149
7.1859, 7.1925, 0.0066
7.1916, 7.1641, 0.0275
7.1963, 7.2133, 0.0170
7.2008, 7.1380, 0.0628
7.2062, 7.2084, 0.0022
7.2135, 7.1514, 0.0621
7.2236, 7.2249, 0.0013
7.2375, 7.2181, 0.0194
7.2559, 7.2546, 0.0013
7.2791, 7.2744, 0.0047
7.3074, 7.3028, 0.0046
7.3405, 7.3337, 0.0068
7.3779, 7.3703, 0.0076
7.4190, 7.4109, 0.0081
7.4626, 7.4647, 0.0021
7.5075, 7.4934, 0.0141
7.5525, 7.5604, 0.0079
7.5962, 7.6087, 0.0125
7.6374, 7.6501, 0.0127
7.6751, 7.6848, 0.0097
7.7085, 7.7243, 0.0158
7.7371, 7.7479, 0.0108
7.7607, 7.7654, 0.0047
7.7796, 7.7905, 0.0109
7.7943, 7.7966, 0.0023
7.8058, 7.7768, 0.0290
7.8153, 7.8111, 0.0042
7.8241, 7.8093, 0.0148
7.8337, 7.8408, 0.0071
7.8454, 7.7986, 0.0468
7.8605, 7.8714, 0.0109
7.8800, 7.8377, 0.0423
7.9046, 7.8598, 0.0448
7.9346, 7.9451, 0.0105
7.9696, 7.9649, 0.0047
8.0089, 8.0269, 0.0180
8.0513, 8.0485, 0.0028
8.0954, 8.1095, 0.0141
8.1390, 8.1675, 0.0285
8.1799, 8.2111, 0.0312
8.2158, 8.2380, 0.0222
8.2443, 8.2937, 0.0494
8.2630, 8.2915, 0.0285
8.2702, 8.2957, 0.0255
8.2642, 8.2770, 0.0128
8.2439, 8.2667, 0.0228
8.2088, 8.2755, 0.0667
8.1590, 8.2330, 0.0740
8.0952, 8.1659, 0.0707
8.0187, 8.1332, 0.1145
7.9314, 8.0771, 0.1457
7.8354, 7.8707, 0.0353
7.7334, 7.7280, 0.0054
7.6280, 7.6530, 0.0250
7.5221, 7.5408, 0.0187
7.4182, 7.4257, 0.0075
7.3189, 7.3167, 0.0022
7.2261, 7.2342, 0.0081
7.1416, 7.1437, 0.0021
7.0665, 7.0583, 0.0082
7.0013, 7.0021, 0.0008
6.9463, 6.9752, 0.0289
6.9010, 6.8903, 0.0107
6.8646, 6.8847, 0.0201
6.8360, 6.8207, 0.0153
6.8136, 6.8003, 0.0133
6.7960, 6.7925, 0.0035
6.7816, 6.8249, 0.0433
6.7689, 6.7560, 0.0129
6.7566, 6.8987, 0.1421
6.7437, 6.7236, 0.0201
6.7294, 6.7047, 0.0247
6.7132, 6.7834, 0.0702
6.6952, 6.7630, 0.0678
6.6756, 6.7575, 0.0819
6.6550, 6.6321, 0.0229
6.6340, 6.6356, 0.0016
6.6137, 6.5829, 0.0308
6.5949, 6.5949, 0.0000
6.5786, 6.5777, 0.0009
6.5656, 6.5638, 0.0018
6.5566, 6.6153, 0.0587
6.5519, 6.5229, 0.0290
6.5517, 6.5222, 0.0295
6.5559, 6.5515, 0.0044
6.5641, 6.5516, 0.0125
6.5755, 6.5626, 0.0129
6.5891, 6.5820, 0.0071
6.6040, 6.5789, 0.0251
6.6188, 6.6126, 0.0062
6.6324, 6.6465, 0.0141
6.6437, 6.6557, 0.0120
6.6514, 6.6979, 0.0465
6.6548, 6.6898, 0.0350
6.6531, 6.7037, 0.0506
6.6460, 6.6546, 0.0086
6.6333, 6.6701, 0.0368
6.6152, 6.6114, 0.0038
6.5922, 6.5751, 0.0171
6.5648, 6.5719, 0.0071
6.5341, 6.5547, 0.0206
6.5009, 6.5002, 0.0007
6.4664, 6.4677, 0.0013
6.4316, 6.4298, 0.0018
6.3975, 6.4168, 0.0193
6.3654, 6.3619, 0.0035
6.3359, 6.3309, 0.0050
6.3098, 6.3039, 0.0059
6.2876, 6.2814, 0.0062
6.2698, 6.2660, 0.0038
6.2564, 6.2492, 0.0072
6.2477, 6.2391, 0.0086
6.2435, 6.2393, 0.0042
6.2439, 6.2412, 0.0027
6.2486, 6.2450, 0.0036
6.2577, 6.2436, 0.0141
6.2710, 6.2593, 0.0117
6.2885, 6.2421, 0.0464
6.3105, 6.2889, 0.0216
6.3371, 6.3312, 0.0059
6.3687, 6.3234, 0.0453
6.4057, 6.4095, 0.0038
6.4485, 6.3958, 0.0527
6.4976, 6.5107, 0.0131
6.5533, 6.4700, 0.0833
6.6159, 6.6025, 0.0134
6.6852, 6.6702, 0.0150
6.7613, 6.7409, 0.0204
6.8434, 6.7980, 0.0454
6.9309, 6.9141, 0.0168
7.0225, 7.0098, 0.0127
7.1169, 7.1057, 0.0112
7.2123, 7.2077, 0.0046
7.3068, 7.2913, 0.0155
7.3984, 7.3921, 0.0063
7.4850, 7.4899, 0.0049
7.5645, 7.5564, 0.0081
7.6351, 7.6453, 0.0102
7.6951, 7.6831, 0.0120
7.7433, 7.7586, 0.0153
7.7790, 7.8038, 0.0248
7.8017, 7.8004, 0.0013
7.8118, 7.8282, 0.0164
7.8101, 7.8008, 0.0093
7.7977, 7.8091, 0.0114
7.7765, 7.7310, 0.0455
7.7485, 7.7440, 0.0045
7.7160, 7.6031, 0.1129
7.6815, 7.6608, 0.0207
7.6473, 7.6404, 0.0069
7.6158, 7.5633, 0.0525
7.5887, 7.5670, 0.0217
7.5679, 7.5516, 0.0163
7.5541, 7.5085, 0.0456
7.5480, 7.4970, 0.0510
7.5496, 7.5356, 0.0140
7.5581, 7.5316, 0.0265
7.5723, 7.5944, 0.0221
7.5905, 7.6286, 0.0381
7.6106, 7.6225, 0.0119
7.6302, 7.6424, 0.0122
7.6469, 7.7102, 0.0633
7.6579, 7.6156, 0.0423
7.6610, 7.7201, 0.0591
7.6538, 7.5995, 0.0543
7.6344, 7.6732, 0.0388
7.6014, 7.6732, 0.0718
7.5538, 7.6263, 0.0725
7.4909, 7.5538, 0.0629
7.4126, 7.5960, 0.1834
7.3193, 7.3197, 0.0004
7.2117, 7.2324, 0.0207
7.0908, 7.1133, 0.0225
6.9577, 6.9756, 0.0179
6.8138, 6.7992, 0.0146
6.6602, 6.7139, 0.0537
6.4983, 6.5452, 0.0469
6.3291, 6.4054, 0.0763
6.1535, 6.1882, 0.0347
5.9721, 6.0180, 0.0459
5.7854, 5.8368, 0.0514
5.5937, 5.6352, 0.0415
5.3969, 5.4482, 0.0513
5.1950, 5.2821, 0.0871
4.9879, 5.0700, 0.0821
4.7755, 4.8730, 0.0975
4.5576, 4.6514, 0.0938
4.3346, 4.4521, 0.1175
4.1067, 4.0954, 0.0113
3.8744, 4.0347, 0.1603
3.6386, 3.6281, 0.0105
3.4004, 3.3790, 0.0214
3.1611, 3.1508, 0.0103
2.9222, 2.9009, 0.0213
2.6854, 2.6743, 0.0111
2.4524, 2.4296, 0.0228
2.2252, 2.2130, 0.0122
2.0054, 1.9805, 0.0249
1.7946, 1.7816, 0.0130
1.5945, 1.5677, 0.0268
1.4061, 1.3924, 0.0137
1.2306, 1.2029, 0.0277
1.0685, 1.0547, 0.0138
0.9205, 0.8931, 0.0274
0.7865, 0.7735, 0.0130
0.6665, 0.6410, 0.0255
0.5602, 0.5482, 0.0120
0.4668, 0.4886, 0.0218
0.3856, 0.3755, 0.0101
0.3158, 0.3617, 0.0459
0.2564, 0.2480, 0.0084
0.2064, 0.2805, 0.0741
0.1646, 0.2295, 0.0649
0.1301, 0.1867, 0.0566
0.1019, 0.0972, 0.0047
0.0791, 0.2331, 0.1540
0.0609, 0.0359, 0.0250
0.0464, 0.0206, 0.0258
0.0350, 0.0329, 0.0021
0.0262, 0.1598, 0.1336
0.0194, 0.0182, 0.0012
0.0142, -0.0168, 0.0310
0.0103, 0.0094, 0.0009
0.0074, 0.1618, 0.1544
0.0053, 0.0049, 0.0004
0.0037, 0.0031, 0.0006
0.0026, 0.0024, 0.0002
0.0018, 0.0014, 0.0004
0.0013, 0.0011, 0.0002
0.0010, 0.0007, 0.0003
0.0009, 0.0007, 0.0002
0.0010, 0.0007, 0.0003
0.0012, 0.0010, 0.0002
0.0016, 0.0010, 0.0006
0.0024, 0.0015, 0.0009
0.0034, 0.0014, 0.0020
0.0048, 0.0029, 0.0019
0.0066, 0.0025, 0.0041
0.0091, 0.0054, 0.0037
0.0124, 0.0044, 0.0080
0.0167, 0.0098, 0.0069
0.0224, 0.0238, 0.0014
0.0297, 0.0332, 0.0035
0.0390, 0.0437, 0.0047
0.0508, 0.0438, 0.0070
0.0656, 0.0594, 0.0062
0.0839, 0.0750, 0.0089
0.1064, 0.0927, 0.0137
0.1339, 0.1350, 0.0011
0.1671, 0.1700, 0.0029
0.2069, 0.2086, 0.0017
0.2541, 0.2583, 0.0042
0.3097, 0.3121, 0.0024
0.3746, 0.3804, 0.0058
0.4497, 0.4532, 0.0035
0.5359, 0.5440, 0.0081
0.6340, 0.6387, 0.0047
0.7448, 0.7556, 0.0108
0.8689, 0.8749, 0.0060
1.0067, 1.0206, 0.0139
1.1587, 1.1662, 0.0075
1.3249, 1.3422, 0.0173
1.5052, 1.5147, 0.0095
1.6992, 1.7206, 0.0214
1.9064, 1.9180, 0.0116
2.1260, 2.0757, 0.0503
2.3567, 2.3704, 0.0137
2.5972, 2.5187, 0.0785
2.8457, 2.8617, 0.0160
3.1005, 3.0553, 0.0452
3.3593, 3.3773, 0.0180
3.6197, 3.5342, 0.0855
3.8792, 3.8990, 0.0198
4.1352, 4.0968, 0.0384
4.3850, 4.3657, 0.0193
4.6257, 4.5684, 0.0573
4.8549, 4.7914, 0.0635
5.0699, 4.9799, 0.0900
5.2684, 5.1990, 0.0694
5.4485, 5.3547, 0.0938
5.6084, 5.6322, 0.0238
5.7470, 5.6696, 0.0774
5.8634, 5.8120, 0.0514
5.9574, 5.9283, 0.0291
6.0292, 5.9485, 0.0807
6.0798, 6.0175, 0.0623
6.1102, 6.1293, 0.0191
6.1225, 5.9453, 0.1772
6.1187, 5.9641, 0.1546
6.1013, 5.9897, 0.1116
6.0730, 6.1025, 0.0295
6.0368, 5.6751, 0.3617
5.9954, 5.8803, 0.1151
5.9517, 5.6762, 0.2755
5.9083, 5.7774, 0.1309
5.8675, 5.8346, 0.0329
5.8312, 5.8617, 0.0305
5.8011, 5.8300, 0.0289
5.7784, 5.7986, 0.0202
5.7638, 5.7430, 0.0208
5.7576, 5.7164, 0.0412
5.7597, 5.7682, 0.0085
5.7698, 5.5897, 0.1801
5.7870, 5.8127, 0.0257
5.8106, 5.7786, 0.0320
5.8394, 5.8559, 0.0165
5.8724, 5.8878, 0.0154
5.9083, 5.8511, 0.0572
5.9463, 5.9957, 0.0494
5.9853, 6.0770, 0.0917
6.0246, 5.8771, 0.1475
6.0636, 6.0372, 0.0264
6.1020, 6.1248, 0.0228
6.1396, 6.1630, 0.0234
6.1765, 6.1799, 0.0034
6.2127, 6.2294, 0.0167
6.2486, 6.2450, 0.0036
6.2846, 6.2834, 0.0012
6.3210, 6.3072, 0.0138
6.3582, 6.3541, 0.0041
6.3964, 6.3702, 0.0262
6.4358, 6.4373, 0.0015
6.4763, 6.4634, 0.0129
6.5178, 6.4956, 0.0222
6.5599, 6.5720, 0.0121
6.6023, 6.5823, 0.0200
6.6441, 6.6468, 0.0027
6.6848, 6.7101, 0.0253
6.7235, 6.7266, 0.0031
6.7594, 6.7660, 0.0066
6.7918, 6.7956, 0.0038
6.8200, 6.8279, 0.0079
6.8438, 6.8480, 0.0042
6.8627, 6.8714, 0.0087
6.8768, 6.8812, 0.0044
6.8864, 6.8928, 0.0064
6.8920, 6.8950, 0.0030
6.8942, 6.9002, 0.0060
6.8941, 6.8962, 0.0021
6.8927, 6.8685, 0.0242
6.8911, 6.8727, 0.0184
6.8903, 6.8485, 0.0418
6.8915, 6.8803, 0.0112
6.8955, 6.8548, 0.0407
6.9029, 6.8675, 0.0354
6.9142, 6.8765, 0.0377
6.9293, 6.9249, 0.0044
6.9480, 6.9630, 0.0150
6.9697, 6.9658, 0.0039
6.9936, 7.0090, 0.0154
7.0183, 7.0312, 0.0129
7.0427, 7.0542, 0.0115
7.0651, 7.0796, 0.0145
7.0842, 7.0858, 0.0016
7.0984, 7.1150, 0.0166
7.1064, 7.1263, 0.0199
7.1073, 7.1268, 0.0195
7.1000, 7.1206, 0.0206
7.0841, 7.1103, 0.0262
7.0596, 7.1041, 0.0445
7.0266, 7.1042, 0.0776
6.9857, 7.0938, 0.1081
6.9379, 6.9846, 0.0467
6.8842, 6.9771, 0.0929
6.8261, 6.8377, 0.0116
6.7651, 6.7681, 0.0030
6.7026, 6.7186, 0.0160
6.6403, 6.6757, 0.0354
6.5796, 6.5820, 0.0024
6.5216, 6.5276, 0.0060
6.4676, 6.4500, 0.0176
6.4183, 6.4292, 0.0109
6.3743, 6.3663, 0.0080
6.3360, 6.3333, 0.0027
6.3035, 6.3026, 0.0009
6.2765, 6.2821, 0.0056
6.2550, 6.2544, 0.0006
6.2386, 6.2449, 0.0063
6.2267, 6.2250, 0.0017
6.2192, 6.2384, 0.0192
6.2157, 6.2105, 0.0052
6.2159, 6.2133, 0.0026
6.2198, 6.2084, 0.0114
6.2277, 6.1964, 0.0313
6.2397, 6.2749, 0.0352
6.2565, 6.2464, 0.0101
6.2785, 6.2664, 0.0121
6.3066, 6.2837, 0.0229
6.3416, 6.2963, 0.0453
6.3840, 6.3871, 0.0031
6.4347, 6.4408, 0.0061
6.4941, 6.4621, 0.0320
6.5625, 6.5151, 0.0474
6.6400, 6.6531, 0.0131
6.7261, 6.7018, 0.0243
6.8201, 6.8140, 0.0061
6.9213, 6.9994, 0.0781
7.0280, 7.0242, 0.0038
7.1387, 7.1213, 0.0174
7.2514, 7.2506, 0.0008
7.3642, 7.3591, 0.0051
7.4747, 7.4762, 0.0015
7.5809, 7.5757, 0.0052
7.6807, 7.6833, 0.0026
7.7723, 7.7649, 0.0074
7.8542, 7.8554, 0.0012
7.9251, 7.9125, 0.0126
7.9842, 7.9819, 0.0023
8.0313, 8.0557, 0.0244
8.0665, 8.0584, 0.0081
8.0903, 8.0982, 0.0079
8.1036, 8.0883, 0.0153
8.1077, 8.1004, 0.0073
8.1041, 8.0644, 0.0397
8.0943, 8.0651, 0.0292
8.0799, 8.0550, 0.0249
8.0626, 8.0980, 0.0354
8.0437, 8.0015, 0.0422
8.0245, 8.1111, 0.0866
8.0059, 8.1385, 0.1326
7.9885, 7.9607, 0.0278
7.9725, 7.9841, 0.0116
7.9580, 7.9530, 0.0050
7.9445, 7.9498, 0.0053
7.9316, 7.9310, 0.0006
7.9186, 7.9060, 0.0126
7.9047, 7.9265, 0.0218
7.8890, 7.8410, 0.0480
7.8710, 7.9400, 0.0690
7.8501, 7.7435, 0.1066
7.8258, 7.8421, 0.0163
7.7983, 7.8210, 0.0227
7.7676, 7.7919, 0.0243
7.7343, 7.7521, 0.0178
7.6989, 7.7098, 0.0109
7.6624, 7.6743, 0.0119
7.6258, 7.6226, 0.0032
7.5903, 7.5828, 0.0075
7.5569, 7.5524, 0.0045
7.5266, 7.5173, 0.0093
7.5004, 7.4954, 0.0050
7.4791, 7.4807, 0.0016
7.4630, 7.4577, 0.0053
7.4523, 7.4516, 0.0007
7.4472, 7.4417, 0.0055
7.4474, 7.4448, 0.0026
7.4523, 7.4442, 0.0081
7.4614, 7.4540, 0.0074
7.4740, 7.4459, 0.0281
7.4892, 7.4726, 0.0166
7.5064, 7.4992, 0.0072
7.5251, 7.5452, 0.0201
7.5446, 7.5471, 0.0025
7.5648, 7.6277, 0.0629
7.5857, 7.6150, 0.0293
7.6073, 7.6023, 0.0050
7.6303, 7.6249, 0.0054
7.6552, 7.6731, 0.0179
7.6828, 7.7174, 0.0346
7.7139, 7.6675, 0.0464
7.7493, 7.7369, 0.0124
7.7897, 7.7707, 0.0190
7.8357, 7.8281, 0.0076
7.8876, 7.8524, 0.0352
7.9453, 7.9299, 0.0154
8.0085, 7.9847, 0.0238
8.0765, 8.0597, 0.0168
8.1480, 8.1339, 0.0141
8.2216, 8.2276, 0.0060
8.2953, 8.3096, 0.0143
8.3671, 8.3760, 0.0089
8.4348, 8.4542, 0.0194
8.4960, 8.5068, 0.0108
8.5486, 8.5772, 0.0286
8.5905, 8.6211, 0.0306
8.6199, 8.6291, 0.0092
8.6356, 8.6564, 0.0208
8.6367, 8.6511, 0.0144
8.6229, 8.6555, 0.0326
8.5945, 8.5971, 0.0026
8.5522, 8.6213, 0.0691
8.4974, 8.5085, 0.0111
8.4319, 8.4864, 0.0545
8.3578, 8.3847, 0.0269
8.2775, 8.3552, 0.0777
8.1935, 8.2447, 0.0512
8.1084, 8.2093, 0.1009
8.0246, 8.1077, 0.0831
7.9443, 7.7790, 0.1653
7.8693, 7.8879, 0.0186
7.8011, 7.7733, 0.0278
7.7407, 7.7355, 0.0052
7.6888, 7.6766, 0.0122
7.6454, 7.6406, 0.0048
7.6104, 7.6275, 0.0171
7.5832, 7.5893, 0.0061
7.5630, 7.5552, 0.0078
7.5487, 7.5570, 0.0083
7.5393, 7.5317, 0.0076
7.5339, 7.5300, 0.0039
7.5315, 7.5309, 0.0006
7.5316, 7.5224, 0.0092
7.5336, 7.5468, 0.0132
7.5375, 7.6549, 0.1174
7.5432, 7.5850, 0.0418
7.5514, 7.5988, 0.0474
7.5625, 7.6531, 0.0906
7.5772, 7.6401, 0.0629
7.5963, 7.5735, 0.0228
7.6206, 7.7372, 0.1166
7.6506, 7.6605, 0.0099
7.6867, 7.5972, 0.0895
7.7290, 7.6778, 0.0512
7.7772, 7.7477, 0.0295
7.8306, 7.8494, 0.0188
7.8881, 7.8709, 0.0172
7.9482, 7.9538, 0.0056
8.0091, 7.9777, 0.0314
8.0685, 8.0813, 0.0128
8.1244, 8.1341, 0.0097
8.1741, 8.1861, 0.0120
8.2154, 8.2359, 0.0205
8.2460, 8.2702, 0.0242
8.2641, 8.2972, 0.0331
8.2681, 8.2875, 0.0194
8.2568, 8.2716, 0.0148
8.2298, 8.2820, 0.0522
8.1869, 8.1078, 0.0791
8.1288, 8.2571, 0.1283
8.0565, 8.1836, 0.1271
7.9715, 8.1160, 0.1445
7.8758, 8.0528, 0.1770
7.7715, 7.9231, 0.1516
7.6610, 7.6365, 0.0245
7.5469, 7.6183, 0.0714
7.4313, 7.4361, 0.0048
7.3167, 7.3466, 0.0299
7.2049, 7.2111, 0.0062
7.0977, 7.1103, 0.0126
6.9963, 7.0054, 0.0091
6.9018, 6.9214, 0.0196
6.8146, 6.8287, 0.0141
6.7350, 6.7517, 0.0167
6.6630, 6.6447, 0.0183
6.5980, 6.6203, 0.0223
6.5397, 6.5783, 0.0386
6.4874, 6.4804, 0.0070
6.4404, 6.4771, 0.0367
6.3980, 6.3962, 0.0018
6.3596, 6.4347, 0.0751
6.3249, 6.3315, 0.0066
6.2934, 6.3150, 0.0216
6.2651, 6.2714, 0.0063
6.2398, 6.2755, 0.0357
6.2176, 6.2238, 0.0062
6.1989, 6.2064, 0.0075
6.1838, 6.1882, 0.0044
6.1725, 6.1763, 0.0038
6.1652, 6.1619, 0.0033
6.1620, 6.1587, 0.0033
6.1629, 6.1591, 0.0038
6.1675, 6.1603, 0.0072
6.1756, 6.1670, 0.0086
6.1866, 6.1598, 0.0268
6.1995, 6.2328, 0.0333
6.2136, 6.1608, 0.0528
6.2278, 6.1952, 0.0326
6.2408, 6.2886, 0.0478
6.2516, 6.3001, 0.0485
6.2590, 6.3029, 0.0439
6.2619, 6.2636, 0.0017
6.2593, 6.3267, 0.0674
6.2506, 6.3277, 0.0771
6.2351, 6.2676, 0.0325
6.2125, 6.2351, 0.0226
6.1829, 6.2223, 0.0394
6.1463, 6.1759, 0.0296
6.1033, 6.1136, 0.0103
6.0545, 6.0597, 0.0052
6.0010, 6.0017, 0.0007
5.9437, 5.9345, 0.0092
5.8840, 5.9040, 0.0200
5.8230, 5.8133, 0.0097
5.7621, 5.7615, 0.0006
5.7028, 5.6921, 0.0107
5.6463, 5.6436, 0.0027
5.5938, 5.5886, 0.0052
5.5466, 5.5403, 0.0063
5.5056, 5.5156, 0.0100
5.4719, 5.4611, 0.0108
5.4463, 5.4454, 0.0009
5.4293, 5.4091, 0.0202
5.4216, 5.4133, 0.0083
5.4235, 5.4085, 0.0150
5.4353, 5.4145, 0.0208
5.4572, 5.4134, 0.0438
5.4893, 5.4193, 0.0700
5.5315, 5.5131, 0.0184
5.5837, 5.5136, 0.0701
5.6457, 5.6004, 0.0453
5.7173, 5.6329, 0.0844
5.7980, 5.7235, 0.0745
5.8875, 5.7452, 0.1423
5.9851, 5.8910, 0.0941
6.0902, 6.0720, 0.0182
6.2020, 6.2179, 0.0159
6.3196, 6.3008, 0.0188
6.4419, 6.4743, 0.0324
6.5677, 6.5910, 0.0233
6.6957, 6.7161, 0.0204
6.8244, 6.8134, 0.0110
6.9521, 6.9615, 0.0094
7.0771, 7.0595, 0.0176
7.1978, 7.2082, 0.0104
7.3125, 7.2999, 0.0126
7.4194, 7.4282, 0.0088
7.5170, 7.4905, 0.0265
7.6041, 7.5859, 0.0182
7.6795, 7.6351, 0.0444
7.7427, 7.7634, 0.0207
7.7932, 7.8065, 0.0133
7.8312, 7.8100, 0.0212
7.8571, 7.8744, 0.0173
7.8720, 7.8807, 0.0087
7.8771, 7.8782, 0.0011
7.8741, 7.8829, 0.0088
7.8650, 7.8426, 0.0224
7.8517, 7.8652, 0.0135
7.8365, 7.8340, 0.0025
7.8215, 7.8812, 0.0597
7.8085, 7.7898, 0.0187
7.7993, 7.7623, 0.0370
7.7950, 7.7174, 0.0776
7.7967, 7.7407, 0.0560
7.8046, 7.8701, 0.0655
7.8187, 7.7055, 0.1132
7.8383, 7.8258, 0.0125
7.8625, 7.7754, 0.0871
7.8896, 7.8647, 0.0249
7.9179, 7.8773, 0.0406
7.9454, 7.9581, 0.0127
7.9701, 7.9729, 0.0028
7.9897, 7.9912, 0.0015
8.0022, 7.9989, 0.0033
8.0058, 8.0099, 0.0041
7.9990, 7.9915, 0.0075
7.9805, 8.0207, 0.0402
7.9497, 8.0213, 0.0716
7.9062, 7.9497, 0.0435
7.8501, 7.9440, 0.0939
7.7818, 7.8011, 0.0193
7.7023, 7.7084, 0.0061
7.6128, 7.6343, 0.0215
7.5148, 7.5249, 0.0101
7.4099, 7.4504, 0.0405
7.2999, 7.2981, 0.0018
7.1867, 7.1679, 0.0188
7.0723, 7.0730, 0.0007
6.9584, 6.9415, 0.0169
6.8467, 6.8525, 0.0058
6.7388, 6.7380, 0.0008
6.6362, 6.6493, 0.0131
6.5399, 6.4962, 0.0437
6.4510, 6.4745, 0.0235
6.3702, 6.4095, 0.0393
6.2982, 6.3362, 0.0380
6.2353, 6.2386, 0.0033
6.1818, 6.1746, 0.0072
6.1376, 6.1192, 0.0184
6.1028, 6.0924, 0.0104
6.0771, 6.0639, 0.0132
6.0601, 6.0489, 0.0112
6.0516, 6.0289, 0.0227
6.0512, 6.0420, 0.0092
6.0582, 6.0613, 0.0031
6.0721, 6.0342, 0.0379
6.0925, 6.0603, 0.0322
6.1186, 6.1297, 0.0111
6.1498, 6.2036, 0.0538
6.1856, 6.2223, 0.0367
6.2253, 6.3272, 0.1019
6.2681, 6.3643, 0.0962
6.3135, 6.2784, 0.0351
6.3607, 6.4229, 0.0622
6.4090, 6.2891, 0.1199
6.4579, 6.4976, 0.0397
6.5067, 6.6017, 0.0950
6.5547, 6.5690, 0.0143
6.6015, 6.6182, 0.0167
6.6466, 6.6751, 0.0285
6.6895, 6.7133, 0.0238
6.7301, 6.7748, 0.0447
6.7682, 6.7700, 0.0018
6.8037, 6.7716, 0.0321
6.8368, 6.8501, 0.0133
6.8675, 6.8626, 0.0049
6.8963, 6.8835, 0.0128
6.9237, 6.8949, 0.0288
6.9500, 6.9381, 0.0119
6.9759, 6.9668, 0.0091
7.0019, 6.9853, 0.0166
7.0286, 7.0114, 0.0172
7.0566, 7.0554, 0.0012
7.0862, 7.0590, 0.0272
7.1180, 7.1156, 0.0024
7.1521, 7.1471, 0.0050
7.1886, 7.1859, 0.0027
7.2276, 7.2220, 0.0056
7.2687, 7.2663, 0.0024
7.3118, 7.3070, 0.0048
7.3564, 7.3546, 0.0018
7.4018, 7.3990, 0.0028
7.4476, 7.4470, 0.0006
7.4930, 7.5061, 0.0131
7.5374, 7.5385, 0.0011
7.5802, 7.5960, 0.0158
7.6209, 7.6231, 0.0022
7.6590, 7.6640, 0.0050
7.6943, 7.6972, 0.0029
7.7268, 7.7264, 0.0004
7.7564, 7.7594, 0.0030
7.7833, 7.7804, 0.0029
7.8080, 7.8073, 0.0007
7.8308, 7.8222, 0.0086
7.8524, 7.8469, 0.0055
7.8732, 7.8771, 0.0039
7.8939, 7.8820, 0.0119
7.9150, 7.9185, 0.0035
7.9368, 7.9420, 0.0052
7.9597, 7.9635, 0.0038
7.9836, 7.9823, 0.0013
8.0086, 8.0140, 0.0054
8.0344, 8.0331, 0.0013
8.0607, 8.0584, 0.0023
8.0868, 8.0864, 0.0004
8.1122, 8.1194, 0.0072
8.1362, 8.1369, 0.0007
8.1583, 8.1707, 0.0124
8.1778, 8.1916, 0.0138
8.1943, 8.2120, 0.0177
8.2077, 8.2101, 0.0024
8.2179, 8.2228, 0.0049
8.2251, 8.2276, 0.0025
8.2298, 8.2311, 0.0013
8.2328, 8.2343, 0.0015
8.2347, 8.2341, 0.0006
8.2367, 8.2341, 0.0026
8.2398, 8.2358, 0.0040
8.2452, 8.2330, 0.0122
8.2538, 8.2428, 0.0110
8.2665, 8.2451, 0.0214
8.2839, 8.2549, 0.0290
8.3066, 8.3011, 0.0055
8.3344, 8.3285, 0.0059
8.3671, 8.3626, 0.0045
8.4041, 8.3922, 0.0119
8.4445, 8.4300, 0.0145
8.4871, 8.4693, 0.0178
8.5305, 8.5054, 0.0251
8.5730, 8.5708, 0.0022
8.6132, 8.6149, 0.0017
8.6495, 8.6472, 0.0023
8.6805, 8.6845, 0.0040
8.7052, 8.7389, 0.0337
8.7228, 8.7310, 0.0082
8.7327, 8.7358, 0.0031
8.7348, 8.7491, 0.0143
8.7297, 8.7270, 0.0027
8.7179, 8.6789, 0.0390
8.7004, 8.6793, 0.0211
8.6786, 8.7441, 0.0655
8.6540, 8.5894, 0.0646
8.6279, 8.5901, 0.0378
8.6020, 8.5916, 0.0104
8.5774, 8.4674, 0.1100
8.5552, 8.5280, 0.0272
8.5364, 8.5284, 0.0080
8.5211, 8.4520, 0.0691
8.5094, 8.4906, 0.0188
8.5011, 8.4546, 0.0465
8.4952, 8.5419, 0.0467
8.4909, 8.5255, 0.0346
8.4868, 8.4724, 0.0144
8.4815, 8.4626, 0.0189
8.4736, 8.4771, 0.0035
8.4619, 8.4970, 0.0351
8.4452, 8.4583, 0.0131
8.4228, 8.4414, 0.0186
8.3942, 8.4228, 0.0286
8.3596, 8.3879, 0.0283
8.3194, 8.3215, 0.0021
8.2747, 8.2985, 0.0238
8.2268, 8.2257, 0.0011
8.1776, 8.2016, 0.0240
8.1293, 8.1252, 0.0041
8.0841, 8.1040, 0.0199
8.0444, 8.0372, 0.0072
8.0126, 7.9964, 0.0162
7.9910, 7.9805, 0.0105
7.9814, 7.9387, 0.0427
7.9855, 7.9720, 0.0135
8.0043, 7.9570, 0.0473
8.0385, 7.9626, 0.0759
8.0882, 7.9732, 0.1150
8.1530, 7.9993, 0.1537
8.2321, 8.0376, 0.1945
8.3240, 8.1016, 0.2224
8.4270, 8.4237, 0.0033
8.5391, 8.4022, 0.1369
8.6579, 8.5426, 0.1153
8.7811, 8.8194, 0.0383
8.9062, 8.9320, 0.0258
9.0306, 9.0765, 0.0459
9.1520, 9.1735, 0.0215
9.2682, 9.3230, 0.0548
9.3770, 9.4119, 0.0349
9.4767, 9.4044, 0.0723
9.5656, 9.6128, 0.0472
9.6424, 9.5852, 0.0572
9.7059, 9.7246, 0.0187
9.7552, 9.8123, 0.0571
9.7894, 9.7887, 0.0007
9.8079, 9.8248, 0.0169
9.8103, 9.8338, 0.0235
9.7961, 9.8237, 0.0276
9.7652, 9.7656, 0.0004
9.7174, 9.8233, 0.1059
9.6526, 9.6857, 0.0331
9.5709, 9.7390, 0.1681
9.4725, 9.5937, 0.1212
9.3579, 9.6940, 0.3361
9.2277, 9.3984, 0.1707
9.0826, 9.1123, 0.0297
8.9236, 8.9708, 0.0472
8.7520, 8.4908, 0.2612
8.5694, 8.6374, 0.0680
8.3776, 8.3735, 0.0041
8.1785, 8.2740, 0.0955
7.9743, 7.9789, 0.0046
7.7674, 7.8327, 0.0653
7.5603, 7.5758, 0.0155
7.3554, 7.3801, 0.0247
7.1552, 7.2066, 0.0514
6.9620, 6.9184, 0.0436
6.7779, 6.7356, 0.0423
6.6049, 6.5368, 0.0681
6.4446, 6.3744, 0.0702
6.2982, 6.2241, 0.0741
6.1666, 6.1777, 0.0111
6.0503, 6.0421, 0.0082
5.9494, 5.9812, 0.0318
5.8638, 5.8582, 0.0056
5.7928, 5.7861, 0.0067
5.7358, 5.7369, 0.0011
5.6917, 5.6637, 0.0280
5.6596, 5.6726, 0.0130
5.6382, 5.6589, 0.0207
5.6265, 5.6575, 0.0310
5.6235, 5.6664, 0.0429
5.6282, 5.7396, 0.1114
5.6400, 5.6097, 0.0303
5.6582, 5.5877, 0.0705
5.6826, 5.6733, 0.0093
5.7129, 5.8560, 0.1431
5.7492, 5.7324, 0.0168
5.7915, 5.7219, 0.0696
5.8400, 5.8303, 0.0097
5.8949, 5.8064, 0.0885
5.9562, 5.9836, 0.0274
6.0239, 6.0174, 0.0065
6.0979, 6.1376, 0.0397
6.1777, 6.2323, 0.0546
6.2625, 6.4213, 0.1588
6.3514, 6.3345, 0.0169
6.4432, 6.4030, 0.0402
6.5362, 6.5033, 0.0329
6.6286, 6.6384, 0.0098
6.7185, 6.7201, 0.0016
6.8039, 6.8236, 0.0197
6.8825, 6.8900, 0.0075
6.9525, 6.9549, 0.0024
7.0119, 7.0276, 0.0157
7.0592, 7.0601, 0.0009
7.0931, 7.1189, 0.0258
7.1130, 7.1152, 0.0022
7.1184, 7.1607, 0.0423
7.1095, 7.1168, 0.0073
7.0870, 7.1279, 0.0409
7.0520, 7.0840, 0.0320
7.0063, 7.1283, 0.1220
6.9517, 7.0251, 0.0734
6.8904, 6.7446, 0.1458
6.8249, 6.8691, 0.0442
6.7576, 6.7736, 0.0160
6.6909, 6.6953, 0.0044
6.6271, 6.6132, 0.0139
6.5680, 6.5406, 0.0274
6.5154, 6.5313, 0.0159
6.4704, 6.5340, 0.0636
6.4340, 6.4768, 0.0428
6.4064, 6.3864, 0.0200
6.3878, 6.3853, 0.0025
6.3777, 6.3445, 0.0332
6.3755, 6.3650, 0.0105
6.3803, 6.3602, 0.0201
6.3910, 6.3656, 0.0254
6.4065, 6.4011, 0.0054
6.4257, 6.3658, 0.0599
6.4475, 6.4568, 0.0093
6.4711, 6.4595, 0.0116
6.4957, 6.5435, 0.0478
6.5208, 6.5212, 0.0004
6.5463, 6.6716, 0.1253
6.5719, 6.5941, 0.0222
6.5980, 6.5907, 0.0073
6.6248, 6.5478, 0.0770
6.6527, 6.6801, 0.0274
6.6821, 6.7984, 0.1163
6.7135, 6.7100, 0.0035
6.7472, 6.7562, 0.0090
6.7834, 6.7969, 0.0135
6.8220, 6.8291, 0.0071
6.8629, 6.8515, 0.0114
6.9057, 6.8870, 0.0187
6.9496, 6.9357, 0.0139
6.9937, 6.9830, 0.0107
7.0370, 7.0293, 0.0077
7.0782, 7.0621, 0.0161
7.1160, 7.1220, 0.0060
7.1490, 7.1489, 0.0001
7.1761, 7.1830, 0.0069
7.1962, 7.2053, 0.0091
7.2081, 7.2254, 0.0173
7.2113, 7.2319, 0.0206
7.2053, 7.2235, 0.0182
7.1900, 7.2165, 0.0265
7.1655, 7.1962, 0.0307
7.1325, 7.1193, 0.0132
7.0917, 7.1664, 0.0747
7.0442, 7.0320, 0.0122
6.9912, 7.0522, 0.0610
6.9344, 6.9646, 0.0302
6.8751, 6.9232, 0.0481
6.8149, 6.8309, 0.0160
6.7554, 6.6799, 0.0755
6.6979, 6.7060, 0.0081
6.6438, 6.6168, 0.0270
6.5940, 6.6028, 0.0088
6.5494, 6.5344, 0.0150
6.5106, 6.5158, 0.0052
6.4780, 6.4758, 0.0022
6.4515, 6.4620, 0.0105
6.4312, 6.4314, 0.0002
6.4166, 6.4320, 0.0154
6.4071, 6.4013, 0.0058
6.4023, 6.3859, 0.0164
6.4013, 6.3983, 0.0030
6.4033, 6.4015, 0.0018
6.4076, 6.4014, 0.0062
6.4133, 6.4124, 0.0009
6.4200, 6.4056, 0.0144
6.4270, 6.4397, 0.0127
6.4338, 6.4156, 0.0182
6.4402, 6.4882, 0.0480
6.4460, 6.4570, 0.0110
6.4511, 6.4717, 0.0206
6.4556, 6.4958, 0.0402
6.4597, 6.5288, 0.0691
6.4638, 6.5126, 0.0488
6.4682, 6.5282, 0.0600
6.4732, 6.5029, 0.0297
6.4794, 6.4844, 0.0050
6.4871, 6.4634, 0.0237
6.4970, 6.5056, 0.0086
6.5093, 6.5152, 0.0059
6.5244, 6.5195, 0.0049
6.5429, 6.5352, 0.0077
6.5650, 6.5538, 0.0112
6.5911, 6.5906, 0.0005
6.6214, 6.6092, 0.0122
6.6564, 6.6565, 0.0001
6.6962, 6.6796, 0.0166
6.7411, 6.7419, 0.0008
6.7914, 6.7665, 0.0249
6.8473, 6.8484, 0.0011
6.9090, 6.9088, 0.0002
6.9767, 6.9786, 0.0019
7.0503, 7.0549, 0.0046
7.1297, 7.1294, 0.0003
7.2149, 7.2184, 0.0035
7.3053, 7.3037, 0.0016
7.4005, 7.4040, 0.0035
7.4997, 7.4978, 0.0019
7.6017, 7.6068, 0.0051
7.7056, 7.7051, 0.0005
7.8096, 7.8180, 0.0084
7.9124, 7.9154, 0.0030
8.0122, 8.0257, 0.0135
8.1071, 8.1158, 0.0087
8.1953, 8.1999, 0.0046
8.2752, 8.2915, 0.0163
8.3451, 8.3409, 0.0042
8.4036, 8.4170, 0.0134
8.4498, 8.4547, 0.0049
8.4829, 8.5070, 0.0241
8.5026, 8.5130, 0.0104
8.5090, 8.4488, 0.0602
8.5028, 8.5207, 0.0179
8.4850, 8.5056, 0.0206
8.4569, 8.5210, 0.0641
8.4202, 8.4824, 0.0622
8.3770, 8.4998, 0.1228
8.3291, 8.4486, 0.1195
8.2787, 8.2279, 0.0508
8.2278, 8.2528, 0.0250
8.1782, 8.2124, 0.0342
8.1315, 8.2140, 0.0825
8.0889, 8.1575, 0.0686
8.0511, 7.9517, 0.0994
8.0185, 7.9984, 0.0201
7.9912, 7.8327, 0.1585
7.9688, 7.9043, 0.0645
7.9503, 7.9985, 0.0482
7.9350, 7.9302, 0.0048
7.9216, 7.9251, 0.0035
7.9089, 7.9095, 0.0006
7.8956, 7.9214, 0.0258
7.8807, 7.9168, 0.0361
7.8632, 7.8776, 0.0144
7.8425, 7.8633, 0.0208
7.8182, 7.8370, 0.0188
7.7904, 7.8088, 0.0184
7.7592, 7.7828, 0.0236
7.7252, 7.7514, 0.0262
7.6892, 7.6910, 0.0018
7.6521, 7.6550, 0.0029
7.6150, 7.6153, 0.0003
7.5789, 7.5382, 0.0407
7.5447, 7.5435, 0.0012
7.5133, 7.4763, 0.0370
7.4853, 7.4827, 0.0026
7.4610, 7.4489, 0.0121
7.4405, 7.4374, 0.0031
7.4238, 7.4288, 0.0050
7.4105, 7.4124, 0.0019
7.4000, 7.4107, 0.0107
7.3917, 7.4002, 0.0085
7.3847, 7.3813, 0.0034
7.3785, 7.3793, 0.0008
7.3722, 7.3799, 0.0077
7.3654, 7.3678, 0.0024
7.3576, 7.3611, 0.0035
7.3488, 7.3648, 0.0160
7.3388, 7.3438, 0.0050
7.3279, 7.3323, 0.0044
7.3165, 7.3103, 0.0062
7.3053, 7.2995, 0.0058
7.2947, 7.2851, 0.0096
7.2855, 7.2755, 0.0100
7.2784, 7.2675, 0.0109
7.2737, 7.2740, 0.0003
7.2720, 7.2736, 0.0016
7.2733, 7.2719, 0.0014
7.2776, 7.2719, 0.0057
7.2844, 7.2787, 0.0057
7.2933, 7.2779, 0.0154
7.3033, 7.2922, 0.0111
7.3134, 7.2943, 0.0191
7.3225, 7.3078, 0.0147
7.3295, 7.3242, 0.0053
7.3330, 7.3385, 0.0055
7.3321, 7.3288, 0.0033
7.3259, 7.3665, 0.0406
7.3138, 7.3243, 0.0105
7.2957, 7.3257, 0.0300
7.2717, 7.3021, 0.0304
7.2424, 7.2714, 0.0290
7.2088, 7.2302, 0.0214
7.1724, 7.1752, 0.0028
7.1349, 7.1411, 0.0062
7.0985, 7.0963, 0.0022
7.0652, 7.0457, 0.0195
7.0375, 7.0166, 0.0209
7.0176, 6.9961, 0.0215
7.0075, 6.9857, 0.0218
7.0092, 6.9999, 0.0093
7.0241, 6.9926, 0.0315
7.0530, 7.0004, 0.0526
7.0964, 7.0008, 0.0956
7.1541, 6.9929, 0.1612
7.2253, 7.1663, 0.0590
7.3086, 7.1663, 0.1423
7.4022, 7.2924, 0.1098
7.5036, 7.4987, 0.0049
7.6102, 7.6093, 0.0009
7.7190, 7.7060, 0.0130
7.8271, 7.8616, 0.0345
7.9315, 7.9219, 0.0096
8.0292, 8.0384, 0.0092
8.1177, 8.1785, 0.0608
8.1948, 8.2437, 0.0489
8.2587, 8.2654, 0.0067
8.3081, 8.3331, 0.0250
8.3421, 8.3578, 0.0157
8.3606, 8.3931, 0.0325
8.3638, 8.3471, 0.0167
8.3522, 8.2138, 0.1384
8.3269, 8.2709, 0.0560
8.2891, 8.3341, 0.0450
8.2401, 8.1761, 0.0640
8.1816, 8.2432, 0.0616
8.1148, 8.1249, 0.0101
8.0411, 8.1449, 0.1038
7.9615, 7.9704, 0.0089
7.8771, 7.8961, 0.0190
7.7882, 7.8157, 0.0275
7.6954, 7.7157, 0.0203
7.5989, 7.7767, 0.1778
7.4986, 7.5320, 0.0334
7.3947, 7.4868, 0.0921
7.2870, 7.3114, 0.0244
7.1757, 7.2374, 0.0617
7.0611, 7.0972, 0.0361
6.9435, 7.0047, 0.0612
6.8238, 6.8820, 0.0582
6.7031, 6.7117, 0.0086
6.5827, 6.6083, 0.0256
6.4643, 6.4546, 0.0097
6.3498, 6.3399, 0.0099
6.2412, 6.2179, 0.0233
6.1405, 6.1136, 0.0269
6.0495, 6.0184, 0.0311
5.9700, 5.9349, 0.0351
5.9033, 5.8652, 0.0381
5.8503, 5.8227, 0.0276
5.8112, 5.7825, 0.0287
5.7858, 5.7442, 0.0416
5.7733, 5.7517, 0.0216
5.7722, 5.7311, 0.0411
5.7806, 5.7537, 0.0269
5.7962, 5.7718, 0.0244
5.8164, 5.7987, 0.0177
5.8385, 5.7943, 0.0442
5.8600, 5.8302, 0.0298
5.8784, 5.9411, 0.0627
5.8917, 5.9220, 0.0303
5.8985, 6.0824, 0.1839
5.8978, 6.0184, 0.1206
5.8895, 5.9798, 0.0903
5.8740, 5.9019, 0.0279
5.8524, 5.8870, 0.0346
5.8264, 5.9253, 0.0989
5.7984, 5.9951, 0.1967
5.7707, 5.6248, 0.1459
5.7460, 5.7695, 0.0235
5.7270, 5.7008, 0.0262
5.7160, 5.6617, 0.0543
5.7150, 5.6664, 0.0486
5.7256, 5.6883, 0.0373
5.7486, 5.7018, 0.0468
5.7840, 5.7147, 0.0693
5.8313, 5.7251, 0.1062
5.8891, 5.7974, 0.0917
5.9554, 5.8279, 0.1275
6.0278, 6.0217, 0.0061
6.1035, 6.1002, 0.0033
6.1794, 6.1975, 0.0181
6.2526, 6.2456, 0.0070
6.3203, 6.3373, 0.0170
6.3801, 6.3974, 0.0173
6.4302, 6.4571, 0.0269
6.4694, 6.4921, 0.0227
6.4971, 6.5550, 0.0579
6.5137, 6.5392, 0.0255
6.5200, 6.5664, 0.0464
6.5176, 6.5410, 0.0234
6.5086, 6.5219, 0.0133
6.4953, 6.4649, 0.0304
6.4805, 6.4981, 0.0176
6.4667, 6.3894, 0.0773
6.4564, 6.3894, 0.0670
6.4515, 6.3704, 0.0811
6.4537, 6.3559, 0.0978
6.4637, 6.4615, 0.0022
6.4819, 6.4018, 0.0801
6.5078, 6.5419, 0.0341
6.5400, 6.4818, 0.0582
6.5768, 6.5707, 0.0061
6.6160, 6.6145, 0.0015
6.6549, 6.6499, 0.0050
6.6908, 6.6913, 0.0005
6.7210, 6.7203, 0.0007
6.7431, 6.7487, 0.0056
6.7552, 6.7541, 0.0011
6.7557, 6.7659, 0.0102
6.7440, 6.7896, 0.0456
6.7202, 6.7621, 0.0419
6.6852, 6.7621, 0.0769
6.6405, 6.7548, 0.1143
6.5884, 6.5310, 0.0574
6.5319, 6.4903, 0.0416
6.4743, 6.4903, 0.0160
6.4191, 6.3833, 0.0358
6.3699, 6.3489, 0.0210
6.3301, 6.2942, 0.0359
6.3028, 6.2723, 0.0305
6.2906, 6.2570, 0.0336
6.2953, 6.2574, 0.0379
6.3180, 6.2602, 0.0578
6.3591, 6.3332, 0.0259
6.4180, 6.2806, 0.1374
6.4935, 6.4284, 0.0651
6.5835, 6.4913, 0.0922
6.6856, 6.7208, 0.0352
6.7968, 6.5940, 0.2028
6.9138, 6.9268, 0.0130
7.0334, 7.0646, 0.0312
7.1522, 7.1675, 0.0153
7.2672, 7.2870, 0.0198
7.3757, 7.3916, 0.0159
7.4755, 7.5012, 0.0257
7.5649, 7.5781, 0.0132
7.6427, 7.7095, 0.0668
7.7083, 7.6714, 0.0369
7.7616, 7.7985, 0.0369
7.8030, 7.8000, 0.0030
7.8335, 7.8779, 0.0444
7.8543, 7.8372, 0.0171
7.8667, 7.6814, 0.1853
7.8723, 7.8238, 0.0485
7.8727, 7.8332, 0.0395
7.8695, 7.7284, 0.1411
7.8642, 7.8465, 0.0177
7.8579, 7.9067, 0.0488
7.8518, 7.8100, 0.0418
7.8467, 7.8760, 0.0293
7.8433, 7.8037, 0.0396
7.8418, 7.9014, 0.0596
7.8427, 7.7998, 0.0429
7.8458, 7.8664, 0.0206
7.8513, 7.8195, 0.0318
7.8589, 7.9122, 0.0533
7.8687, 7.8609, 0.0078
7.8804, 7.8616, 0.0188
7.8940, 7.9138, 0.0198
7.9095, 7.9217, 0.0122
7.9267, 7.9223, 0.0044
7.9457, 7.9431, 0.0026
7.9666, 7.9597, 0.0069
7.9893, 7.9749, 0.0144
8.0140, 7.9946, 0.0194
8.0407, 8.0629, 0.0222
8.0693, 8.0708, 0.0015
8.0997, 8.0947, 0.0050
8.1316, 8.1265, 0.0051
8.1647, 8.1667, 0.0020
8.1985, 8.1941, 0.0044
8.2323, 8.2333, 0.0010
8.2655, 8.2583, 0.0072
8.2973, 8.2973, 0.0000
8.3266, 8.3216, 0.0050
8.3527, 8.3598, 0.0071
8.3748, 8.3809, 0.0061
8.3919, 8.3963, 0.0044
8.4033, 8.4048, 0.0015
8.4084, 8.4174, 0.0090
8.4068, 8.4104, 0.0036
8.3980, 8.4123, 0.0143
8.3818, 8.3968, 0.0150
8.3581, 8.3474, 0.0107
8.3268, 8.3675, 0.0407
8.2879, 8.2771, 0.0108
8.2417, 8.2829, 0.0412
8.1880, 8.1941, 0.0061
8.1270, 8.1802, 0.0532
8.0585, 8.1145, 0.0560
7.9824, 7.9857, 0.0033
7.8984, 7.9287, 0.0303
7.8060, 7.8179, 0.0119
7.7046, 7.7223, 0.0177
7.5935, 7.6185, 0.0250
7.4720, 7.5066, 0.0346
7.3393, 7.3842, 0.0449
7.1947, 7.2527, 0.0580
7.0377, 7.0707, 0.0330
6.8682, 6.9783, 0.1101
6.6865, 6.7561, 0.0696
6.4931, 6.5611, 0.0680
6.2895, 6.2780, 0.0115
6.0775, 6.0515, 0.0260
5.8595, 5.8442, 0.0153
5.6387, 5.6045, 0.0342
5.4188, 5.3995, 0.0193
5.2037, 5.1619, 0.0418
4.9979, 4.9747, 0.0232
4.8060, 4.7562, 0.0498
4.6322, 4.6054, 0.0268
4.4809, 4.4376, 0.0433
4.3556, 4.2811, 0.0745
4.2593, 4.2006, 0.0587
4.1939, 4.1377, 0.0562
4.1606, 4.1079, 0.0527
4.1592, 4.0758, 0.0834
4.1881, 4.1267, 0.0614
4.2448, 4.1181, 0.1267
4.3258, 4.1585, 0.1673
4.4263, 4.2086, 0.2177
4.5410, 4.5189, 0.0221
4.6641, 4.8528, 0.1887
4.7895, 4.7306, 0.0589
4.9115, 4.9109, 0.0006
5.0244, 5.2121, 0.1877
5.1237, 5.1462, 0.0225
5.2055, 5.2751, 0.0696
5.2671, 5.4046, 0.1375
5.3072, 5.3191, 0.0119
5.3257, 5.4544, 0.1287
5.3236, 5.5444, 0.2208
5.3034, 5.3553, 0.0519
5.2682, 5.3745, 0.1063
5.2220, 5.3222, 0.1002
5.1693, 4.6841, 0.4852
5.1146, 4.6720, 0.4426
5.0623, 5.1365, 0.0742
5.0165, 5.0093, 0.0072
4.9802, 4.6771, 0.3031
4.9560, 4.8783, 0.0777
4.9449, 4.8161, 0.1288
4.9472, 4.8522, 0.0950
4.9620, 4.9666, 0.0046
4.9872, 5.0462, 0.0590
5.0200, 4.9664, 0.0536
5.0569, 5.0411, 0.0158
5.0942, 5.0938, 0.0004
5.1280, 5.1381, 0.0101
5.1545, 5.1662, 0.0117
5.1705, 5.0425, 0.1280
5.1736, 5.1080, 0.0656
5.1620, 5.2653, 0.1033
5.1351, 5.2642, 0.1291
5.0934, 5.0944, 0.0010
5.0381, 5.0628, 0.0247
4.9716, 4.9437, 0.0279
4.8969, 4.8317, 0.0652
4.8175, 4.7796, 0.0379
4.7372, 4.7381, 0.0009
4.6600, 4.6506, 0.0094
4.5892, 4.5871, 0.0021
4.5281, 4.5062, 0.0219
4.4789, 4.4074, 0.0715
4.4432, 4.4221, 0.0211
4.4213, 4.4092, 0.0121
4.4128, 4.3848, 0.0280
4.4160, 4.3990, 0.0170
4.4286, 4.4105, 0.0181
4.4474, 4.3964, 0.0510
4.4687, 4.4287, 0.0400
4.4888, 4.3943, 0.0945
4.5039, 4.4642, 0.0397
4.5105, 4.5137, 0.0032
4.5057, 4.5107, 0.0050
4.4872, 4.5634, 0.0762
4.4538, 4.5634, 0.1096
4.4053, 4.4858, 0.0805
4.3425, 4.3980, 0.0555
4.2670, 4.4152, 0.1482
4.1813, 4.1895, 0.0082
4.0889, 4.1019, 0.0130
3.9934, 3.9946, 0.0012
3.8989, 3.8601, 0.0388
3.8094, 3.8070, 0.0024
3.7286, 3.6866, 0.0420
3.6597, 3.6252, 0.0345
3.6052, 3.5903, 0.0149
3.5666, 3.5542, 0.0124
3.5447, 3.5233, 0.0214
3.5389, 3.5029, 0.0360
3.5481, 3.5132, 0.0349
3.5699, 3.5831, 0.0132
3.6015, 3.5592, 0.0423
3.6395, 3.6360, 0.0035
3.6803, 3.6046, 0.0757
3.7204, 3.6637, 0.0567
3.7563, 3.6639, 0.0924
3.7854, 3.6339, 0.1515
3.8056, 3.8072, 0.0016
3.8154, 3.8635, 0.0481
3.8146, 3.9258, 0.1112
3.8038, 3.7980, 0.0058
3.7842, 3.8866, 0.1024
3.7581, 3.7734, 0.0153
3.7280, 3.5368, 0.1912
3.6973, 3.4653, 0.2320
3.6690, 3.4780, 0.1910
3.6465, 3.4086, 0.2379
3.6326, 3.4613, 0.1713
3.6297, 3.4769, 0.1528
3.6395, 3.4985, 0.1410
3.6630, 3.5820, 0.0810
3.7002, 3.5955, 0.1047
3.7503, 3.6397, 0.1106
3.8115, 3.7187, 0.0928
3.8816, 3.8116, 0.0700
3.9575, 3.7725, 0.1850
4.0360, 4.0437, 0.0077
4.1135, 4.0939, 0.0196
4.1866, 4.1824, 0.0042
4.2522, 4.2744, 0.0222
4.3077, 4.3137, 0.0060
4.3510, 4.3664, 0.0154
4.3809, 4.3905, 0.0096
4.3968, 4.4221, 0.0253
4.3990, 4.4131, 0.0141
4.3884, 4.4498, 0.0614
4.3667, 4.3967, 0.0300
4.3361, 4.4094, 0.0733
4.2989, 4.3754, 0.0765
4.2579, 4.3481, 0.0902
4.2157, 4.2253, 0.0096
4.1747, 4.1904, 0.0157
4.1369, 4.1711, 0.0342
4.1039, 4.1040, 0.0001
4.0764, 4.0672, 0.0092
4.0546, 4.0317, 0.0229
4.0380, 4.0692, 0.0312
4.0254, 4.0030, 0.0224
4.0151, 4.0564, 0.0413
4.0050, 3.9305, 0.0745
3.9925, 4.0339, 0.0414
3.9752, 3.9838, 0.0086
3.9507, 3.9338, 0.0169
3.9171, 3.9306, 0.0135
3.8728, 3.9054, 0.0326
3.8170, 3.8321, 0.0151
3.7497, 3.7983, 0.0486
3.6715, 3.6837, 0.0122
3.5842, 3.5839, 0.0003
3.4899, 3.5026, 0.0127
3.3918, 3.3999, 0.0081
3.2932, 3.3116, 0.0184
3.1981, 3.2074, 0.0093
3.1105, 3.1381, 0.0276
3.0344, 3.0480, 0.0136
2.9733, 3.0150, 0.0417
2.9303, 2.9536, 0.0233
2.9079, 2.9105, 0.0026
2.9078, 2.9573, 0.0495
2.9306, 2.9561, 0.0255
2.9761, 2.9104, 0.0657
3.0432, 3.1364, 0.0932
3.1301, 3.0704, 0.0597
3.2340, 3.4481, 0.2141
3.3517, 3.0487, 0.3030
3.4797, 3.3582, 0.1215
3.6144, 3.3098, 0.3046
3.7523, 3.4314, 0.3209
3.8899, 3.8064, 0.0835
4.0244, 3.8647, 0.1597
4.1533, 4.0836, 0.0697
4.2750, 4.3110, 0.0360
4.3882, 4.5106, 0.1224
4.4925, 4.5096, 0.0171
4.5878, 4.6087, 0.0209
4.6746, 4.6946, 0.0200
4.7537, 4.7912, 0.0375
4.8263, 4.8451, 0.0188
4.8932, 4.8309, 0.0623
4.9555, 4.9708, 0.0153
5.0139, 4.9582, 0.0557
5.0689, 5.0293, 0.0396
5.1203, 5.0613, 0.0590
5.1678, 5.1761, 0.0083
5.2102, 5.2304, 0.0202
5.2464, 5.2728, 0.0264
5.2745, 5.3156, 0.0411
5.2926, 5.3418, 0.0492
5.2987, 5.3099, 0.0112
5.2907, 5.3151, 0.0244
5.2671, 5.2912, 0.0241
5.2264, 5.2918, 0.0654
5.1679, 5.2324, 0.0645
5.0912, 5.2735, 0.1823
4.9971, 5.2350, 0.2379
4.8866, 5.0719, 0.1853
4.7619, 4.7540, 0.0079
4.6257, 4.6530, 0.0273
4.4813, 4.5281, 0.0468
4.3323, 4.3538, 0.0215
4.1829, 4.1797, 0.0032
4.0372, 3.9951, 0.0421
3.8993, 3.9141, 0.0148
3.7732, 3.6906, 0.0826
3.6623, 3.6301, 0.0322
3.5696, 3.5468, 0.0228
3.4973, 3.4947, 0.0026
3.4468, 3.5144, 0.0676
3.4189, 3.3653, 0.0536
3.4133, 3.3533, 0.0600
3.4293, 3.4176, 0.0117
3.4654, 3.4020, 0.0634
3.5194, 3.4932, 0.0262
3.5891, 3.4180, 0.1711
3.6720, 3.6622, 0.0098
3.7653, 3.7290, 0.0363
3.8665, 3.9270, 0.0605
3.9733, 3.9002, 0.0731
4.0836, 3.9876, 0.0960
4.1955, 4.0831, 0.1124
4.3076, 4.1370, 0.1706
4.4189, 4.4663, 0.0474
4.5282, 4.4806, 0.0476
4.6350, 4.5620, 0.0730
4.7387, 4.7892, 0.0505
4.8384, 4.8474, 0.0090
4.9337, 4.9429, 0.0092
5.0237, 5.0304, 0.0067
5.1074, 5.0690, 0.0384
5.1834, 5.1913, 0.0079
5.2503, 5.2176, 0.0327
5.3063, 5.3221, 0.0158
5.3497, 5.3676, 0.0179
5.3786, 5.3817, 0.0031
5.3912, 5.4356, 0.0444
5.3858, 5.4041, 0.0183
5.3612, 5.3885, 0.0273
5.3166, 5.4047, 0.0881
5.2519, 5.3681, 0.1162
5.1675, 5.2432, 0.0757
5.0648, 5.0598, 0.0050
4.9457, 5.1366, 0.1909
4.8133, 4.9705, 0.1572
4.6710, 4.6954, 0.0244
4.5232, 4.6016, 0.0784
4.3747, 4.5293, 0.1546
4.2305, 4.2465, 0.0160
4.0961, 4.0472, 0.0489
3.9764, 3.9824, 0.0060
3.8766, 3.8397, 0.0369
3.8011, 3.7878, 0.0133
3.7536, 3.6812, 0.0724
3.7372, 3.6827, 0.0545
3.7537, 3.7529, 0.0008
3.8040, 3.7063, 0.0977
3.8880, 3.8437, 0.0443
4.0043, 3.9353, 0.0690
4.1505, 3.9779, 0.1726
4.3233, 3.9496, 0.3737
4.5187, 4.6092, 0.0905
4.7321, 4.3581, 0.3740
4.9583, 5.0523, 0.0940
5.1923, 5.0617, 0.1306
5.4289, 5.2613, 0.1676
5.6633, 5.7442, 0.0809
5.8908, 5.8630, 0.0278
6.1074, 6.2619, 0.1545
6.3099, 6.2754, 0.0345
6.4955, 6.6019, 0.1064
6.6622, 6.6293, 0.0329
6.8085, 6.8482, 0.0397
6.9339, 6.8887, 0.0452
7.0380, 7.0774, 0.0394
7.1212, 7.0459, 0.0753
7.1841, 7.2275, 0.0434
7.2279, 7.1886, 0.0393
7.2537, 7.3190, 0.0653
7.2630, 7.1668, 0.0962
7.2571, 7.2560, 0.0011
7.2376, 7.1250, 0.1126
7.2062, 7.2198, 0.0136
7.1644, 6.8390, 0.3254
7.1137, 7.1662, 0.0525
7.0558, 7.2104, 0.1546
6.9922, 7.1258, 0.1336
6.9246, 7.0294, 0.1048
6.8545, 6.8841, 0.0296
6.7838, 6.9143, 0.1305
6.7139, 6.8624, 0.1485
6.6467, 6.7316, 0.0849
6.5838, 6.6741, 0.0903
6.5266, 6.3825, 0.1441
6.4766, 6.3573, 0.1193
6.4351, 6.4219, 0.0132
6.4029, 6.4135, 0.0106
6.3809, 6.3881, 0.0072
6.3693, 6.3627, 0.0066
6.3681, 6.4100, 0.0419
6.3770, 6.4497, 0.0727
6.3952, 6.3928, 0.0024
6.4215, 6.4060, 0.0155
6.4547, 6.4515, 0.0032
6.4927, 6.4868, 0.0059
6.5337, 6.5195, 0.0142
6.5755, 6.5585, 0.0170
6.6159, 6.6007, 0.0152
6.6528, 6.6407, 0.0121
6.6839, 6.7364, 0.0525
6.7076, 6.7059, 0.0017
6.7224, 6.7733, 0.0509
6.7272, 6.7438, 0.0166
6.7213, 6.7939, 0.0726
6.7046, 6.7524, 0.0478
6.6776, 6.6088, 0.0688
6.6409, 6.7095, 0.0686
6.5960, 6.5297, 0.0663
6.5443, 6.5792, 0.0349
6.4880, 6.4139, 0.0741
6.4291, 6.5117, 0.0826
6.3698, 6.4118, 0.0420
6.3123, 6.2902, 0.0221
6.2587, 6.2521, 0.0066
6.2108, 6.1663, 0.0445
6.1702, 6.1510, 0.0192
6.1381, 6.1213, 0.0168
6.1152, 6.0960, 0.0192
6.1019, 6.0872, 0.0147
6.0983, 6.0859, 0.0124
6.1040, 6.0853, 0.0187
6.1182, 6.1269, 0.0087
6.1400, 6.1114, 0.0286
6.1683, 6.1611, 0.0072
6.2019, 6.2555, 0.0536
6.2396, 6.1791, 0.0605
6.2803, 6.2390, 0.0413
6.3230, 6.2990, 0.0240
6.3669, 6.4219, 0.0550
6.4114, 6.3978, 0.0136
6.4562, 6.3829, 0.0733
6.5008, 6.5029, 0.0021
6.5454, 6.5507, 0.0053
6.5900, 6.5720, 0.0180
6.6345, 6.6325, 0.0020
6.6791, 6.7062, 0.0271
6.7236, 6.7217, 0.0019
6.7679, 6.7606, 0.0073
6.8118, 6.8121, 0.0003
6.8546, 6.8471, 0.0075
6.8956, 6.9013, 0.0057
6.9342, 6.9268, 0.0074
6.9691, 6.9578, 0.0113
6.9993, 6.9973, 0.0020
7.0238, 7.0233, 0.0005
7.0415, 7.0483, 0.0068
7.0515, 7.0641, 0.0126
7.0530, 7.0738, 0.0208
7.0455, 7.0565, 0.0110
7.0287, 7.0518, 0.0231
7.0028, 7.0205, 0.0177
6.9682, 7.0431, 0.0749
6.9256, 6.9580, 0.0324
6.8761, 6.9132, 0.0371
6.8211, 6.8655, 0.0444
6.7621, 6.7550, 0.0071
6.7006, 6.7796, 0.0790
6.6384, 6.6651, 0.0267
6.5770, 6.5229, 0.0541
6.5179, 6.5170, 0.0009
6.4622, 6.4758, 0.0136
6.4108, 6.4236, 0.0128
6.3644, 6.3637, 0.0007
6.3232, 6.3238, 0.0006
6.2871, 6.2573, 0.0298
6.2557, 6.2704, 0.0147
6.2280, 6.2637, 0.0357
6.2030, 6.2126, 0.0096
6.1794, 6.1773, 0.0021
6.1558, 6.1742, 0.0184
6.1307, 6.1446, 0.0139
6.1025, 6.1225, 0.0200
6.0700, 6.0915, 0.0215
6.0318, 6.0698, 0.0380
5.9872, 5.9927, 0.0055
5.9357, 5.9837, 0.0480
5.8771, 5.8834, 0.0063
5.8117, 5.8239, 0.0122
5.7400, 5.7453, 0.0053
5.6632, 5.6853, 0.0221
5.5825, 5.5852, 0.0027
5.4995, 5.5311, 0.0316
5.4159, 5.4150, 0.0009
5.3335, 5.3722, 0.0387
5.2541, 5.2494, 0.0047
5.1792, 5.1664, 0.0128
5.1103, 5.1028, 0.0075
5.0485, 5.0193, 0.0292
4.9944, 4.9751, 0.0193
4.9483, 4.9402, 0.0081
4.9100, 4.8914, 0.0186
4.8785, 4.8861, 0.0076
4.8529, 4.8361, 0.0168
4.8315, 4.8363, 0.0048
4.8124, 4.8420, 0.0296
4.7935, 4.7721, 0.0214
4.7726, 4.7987, 0.0261
4.7477, 4.7217, 0.0260
4.7166, 4.7433, 0.0267
4.6780, 4.6655, 0.0125
4.6306, 4.6536, 0.0230
4.5740, 4.5723, 0.0017
4.5080, 4.5161, 0.0081
4.4334, 4.4503, 0.0169
4.3516, 4.3709, 0.0193
4.2644, 4.2893, 0.0249
4.1742, 4.2019, 0.0277
4.0839, 4.0821, 0.0018
3.9964, 3.9912, 0.0052
3.9149, 3.9071, 0.0078
3.8424, 3.8365, 0.0059
3.7818, 3.7638, 0.0180
3.7353, 3.7194, 0.0159
3.7048, 3.6732, 0.0316
3.6916, 3.6604, 0.0312
3.6961, 3.6386, 0.0575
3.7182, 3.6632, 0.0550
3.7570, 3.7237, 0.0333
3.8110, 3.7231, 0.0879
3.8782, 3.7961, 0.0821
3.9563, 3.9392, 0.0171
4.0427, 3.9335, 0.1092
4.1347, 4.0689, 0.0658
4.2299, 4.2240, 0.0059
4.3259, 4.1869, 0.1390
4.4209, 4.5276, 0.1067
4.5132, 4.5795, 0.0663
4.6020, 4.6792, 0.0772
4.6867, 4.6862, 0.0005
4.7672, 4.8123, 0.0451
4.8440, 4.8481, 0.0041
4.9177, 4.9285, 0.0108
4.9893, 5.0045, 0.0152
5.0598, 5.0749, 0.0151
5.1303, 5.1136, 0.0167
5.2017, 5.1666, 0.0351
5.2748, 5.2478, 0.0270
5.3502, 5.3261, 0.0241
5.4282, 5.3749, 0.0533
5.5088, 5.4786, 0.0302
5.5915, 5.5929, 0.0014
5.6761, 5.5945, 0.0816
5.7616, 5.7628, 0.0012
5.8472, 5.8498, 0.0026
5.9320, 5.9336, 0.0016
6.0152, 6.0187, 0.0035
6.0960, 6.0982, 0.0022
6.1738, 6.1786, 0.0048
6.2483, 6.2510, 0.0027
6.3193, 6.3246, 0.0053
6.3868, 6.3894, 0.0026
6.4509, 6.4559, 0.0050
6.5119, 6.5141, 0.0022
6.5702, 6.5743, 0.0041
6.6261, 6.6277, 0.0016
6.6796, 6.6829, 0.0033
6.7308, 6.7325, 0.0017
6.7795, 6.7336, 0.0459
6.8250, 6.8277, 0.0027
6.8666, 6.8677, 0.0011
6.9030, 6.9074, 0.0044
6.9328, 6.9486, 0.0158
6.9542, 6.9618, 0.0076
6.9651, 6.9969, 0.0318
6.9633, 6.9754, 0.0121
6.9468, 7.0082, 0.0614
6.9133, 6.9480, 0.0347
6.8609, 6.9602, 0.0993
6.7881, 6.8197, 0.0316
6.6938, 6.6988, 0.0050
6.5774, 6.6875, 0.1101
6.4393, 6.5415, 0.1022
6.2802, 6.3802, 0.1000
6.1019, 6.2458, 0.1439
5.9068, 5.9445, 0.0377
5.6981, 5.7598, 0.0617
5.4795, 5.5326, 0.0531
5.2551, 5.2720, 0.0169
5.0295, 5.0001, 0.0294
4.8073, 4.8338, 0.0265
4.5931, 4.5477, 0.0454
4.3912, 4.4010, 0.0098
4.2052, 4.0728, 0.1324
4.0382, 4.1279, 0.0897
3.8925, 3.9562, 0.0637
3.7690, 3.6882, 0.0808
3.6680, 3.8313, 0.1633
3.5884, 3.6802, 0.0918
3.5282, 3.5077, 0.0205
3.4845, 3.4729, 0.0116
3.4536, 3.4412, 0.0124
3.4311, 3.4041, 0.0270
3.4125, 3.4448, 0.0323
3.3933, 3.3477, 0.0456
3.3694, 3.4692, 0.0998
3.3368, 3.3072, 0.0296
3.2928, 3.4708, 0.1780
3.2354, 3.3304, 0.0950
3.1637, 3.1804, 0.0167
3.0782, 3.1571, 0.0789
2.9802, 2.9965, 0.0163
2.8723, 2.9217, 0.0494
2.7580, 2.7694, 0.0114
2.6413, 2.7180, 0.0767
2.5269, 2.6305, 0.1036
2.4195, 2.4224, 0.0029
2.3234, 2.2762, 0.0472
2.2429, 2.2015, 0.0414
2.1810, 2.1266, 0.0544
2.1402, 2.0992, 0.0410
2.1215, 2.1008, 0.0207
2.1247, 2.0663, 0.0584
2.1485, 2.1269, 0.0216
2.1904, 2.2900, 0.0996
2.2466, 2.1591, 0.0875
2.3126, 2.4544, 0.1418
2.3834, 2.5073, 0.1239
2.4538, 2.4116, 0.0422
2.5185, 2.7224, 0.2039
2.5727, 2.4658, 0.1069
2.6125, 2.7527, 0.1402
2.6346, 2.7000, 0.0654
2.6370, 2.6686, 0.0316
2.6192, 2.6333, 0.0141
2.5815, 2.4178, 0.1637
2.5259, 2.4591, 0.0668
2.4550, 2.2178, 0.2372
2.3729, 2.2252, 0.1477
2.2838, 2.2646, 0.0192
2.1926, 2.1364, 0.0562
2.1041, 2.0059, 0.0982
2.0229, 1.9846, 0.0383
1.9530, 1.9095, 0.0435
1.8975, 1.8601, 0.0374
1.8586, 1.8227, 0.0359
1.8371, 1.7974, 0.0397
1.8329, 1.7793, 0.0536
1.8446, 1.9513, 0.1067
1.8696, 1.9066, 0.0370
1.9048, 1.8191, 0.0857
1.9460, 2.0712, 0.1252
1.9892, 2.1951, 0.2059
2.0301, 1.9499, 0.0802
2.0648, 1.9361, 0.1287
2.0899, 2.2568, 0.1669
2.1028, 2.1237, 0.0209
2.1021, 2.2505, 0.1484
2.0874, 2.0752, 0.0122
2.0594, 2.0680, 0.0086
2.0202, 2.0614, 0.0412
1.9725, 2.0561, 0.0836
1.9201, 2.0160, 0.0959
1.8673, 1.7606, 0.1067
1.8188, 1.7813, 0.0375
1.7790, 1.7446, 0.0344
1.7523, 1.7145, 0.0378
1.7423, 1.6876, 0.0547
1.7517, 1.6950, 0.0567
1.7822, 1.7184, 0.0638
1.8341, 1.7324, 0.1017
1.9067, 1.9708, 0.0641
1.9977, 1.8421, 0.1556
2.1039, 2.2146, 0.1107
2.2210, 2.2160, 0.0050
2.3440, 2.3368, 0.0072
2.4676, 2.4896, 0.0220
2.5862, 2.6166, 0.0304
2.6948, 2.7204, 0.0256
2.7888, 2.8161, 0.0273
2.8642, 2.8922, 0.0280
2.9185, 2.9488, 0.0303
2.9502, 2.9830, 0.0328
2.9593, 3.0088, 0.0495
2.9468, 2.9425, 0.0043
2.9152, 2.9556, 0.0404
2.8681, 2.8597, 0.0084
2.8098, 2.8597, 0.0499
2.7454, 2.7361, 0.0093
2.6801, 2.6845, 0.0044
2.6190, 2.6044, 0.0146
2.5669, 2.5988, 0.0319
2.5280, 2.4925, 0.0355
2.5053, 2.5651, 0.0598
2.5010, 2.4805, 0.0205
2.5157, 2.5807, 0.0650
2.5490, 2.4181, 0.1309
2.5990, 2.6325, 0.0335
2.6629, 2.9472, 0.2843
2.7370, 2.7010, 0.0360
2.8169, 2.7440, 0.0729
2.8978, 2.7561, 0.1417
2.9748, 3.0702, 0.0954
3.0435, 3.0721, 0.0286
3.0999, 3.1549, 0.0550
3.1405, 3.1957, 0.0552
3.1633, 3.1744, 0.0111
3.1669, 3.2280, 0.0611
3.1512, 3.2208, 0.0696
3.1170, 3.1838, 0.0668
3.0662, 3.1341, 0.0679
3.0015, 2.6751, 0.3264
2.9263, 2.9236, 0.0027
2.8443, 2.8925, 0.0482
2.7591, 2.7233, 0.0358
2.6744, 2.7672, 0.0928
2.5934, 2.5041, 0.0893
2.5186, 2.6366, 0.1180
2.4518, 2.4013, 0.0505
2.3940, 2.3729, 0.0211
2.3451, 2.3836, 0.0385
2.3044, 2.2956, 0.0088
2.2703, 2.2786, 0.0083
2.2405, 2.2381, 0.0024
2.2124, 2.2168, 0.0044
2.1834, 2.1927, 0.0093
2.1508, 2.2145, 0.0637
2.1123, 2.2435, 0.1312
2.0660, 2.1443, 0.0783
2.0107, 2.0323, 0.0216
1.9462, 1.9654, 0.0192
1.8731, 1.8983, 0.0252
1.7926, 1.8075, 0.0149
1.7070, 1.7078, 0.0008
1.6192, 1.6190, 0.0002
1.5327, 1.5165, 0.0162
1.4510, 1.4284, 0.0226
1.3782, 1.3415, 0.0367
1.3177, 1.2694, 0.0483
1.2727, 1.2154, 0.0573
1.2460, 1.1732, 0.0728
1.2392, 1.2204, 0.0188
1.2532, 1.2066, 0.0466
1.2878, 1.2102, 0.0776
1.3420, 1.3042, 0.0378
1.4135, 1.3979, 0.0156
1.4996, 1.4166, 0.0830
1.5965, 1.4709, 0.1256
1.7005, 1.7123, 0.0118
1.8074, 1.6433, 0.1641
1.9130, 1.9491, 0.0361
2.0137, 2.0037, 0.0100
2.1064, 2.2144, 0.1080
2.1885, 2.2680, 0.0795
2.2586, 2.2869, 0.0283
2.3162, 2.3467, 0.0305
2.3617, 2.3926, 0.0309
2.3967, 2.4440, 0.0473
2.4234, 2.4565, 0.0331
2.4450, 2.4071, 0.0379
2.4651, 2.3547, 0.1104
2.4879, 2.4816, 0.0063
2.5174, 2.4539, 0.0635
2.5575, 2.5220, 0.0355
2.6120, 2.5549, 0.0571
2.6837, 2.6020, 0.0817
2.7749, 2.7153, 0.0596
2.8869, 2.8709, 0.0160
3.0202, 2.8803, 0.1399
3.1739, 3.1602, 0.0137
3.3466, 3.3438, 0.0028
3.5358, 3.5385, 0.0027
3.7383, 3.7373, 0.0010
3.9505, 3.9335, 0.0170
4.1683, 4.1558, 0.0125
4.3875, 4.5201, 0.1326
4.6040, 4.5681, 0.0359
4.8138, 4.8318, 0.0180
5.0134, 4.9427, 0.0707
5.1998, 5.2228, 0.0230
5.3705, 5.2728, 0.0977
5.5237, 5.5965, 0.0728
5.6583, 5.6635, 0.0052
5.7737, 5.6088, 0.1649
5.8699, 5.8523, 0.0176
5.9475, 5.9737, 0.0262
6.0070, 5.9603, 0.0467
6.0497, 5.9397, 0.1100
6.0763, 5.9732, 0.1031
6.0881, 5.9907, 0.0974
6.0857, 5.9812, 0.1045
6.0697, 6.0639, 0.0058
6.0405, 6.1582, 0.1177
5.9980, 5.9951, 0.0029
5.9420, 6.0359, 0.0939
5.8720, 5.8948, 0.0228
5.7874, 6.0268, 0.2394
5.6879, 5.7739, 0.0860
5.5731, 5.7367, 0.1636
5.4429, 5.6439, 0.2010
5.2978, 5.3803, 0.0825
5.1387, 5.1766, 0.0379
4.9673, 4.8919, 0.0754
4.7856, 4.8545, 0.0689
4.5967, 4.6712, 0.0745
4.4040, 4.4143, 0.0103
4.2115, 4.2142, 0.0027
4.0236, 4.0355, 0.0119
3.8449, 3.8372, 0.0077
3.6799, 3.5674, 0.1125
3.5328, 3.5342, 0.0014
3.4071, 3.4301, 0.0230
3.3059, 3.2993, 0.0066
3.2312, 3.2066, 0.0246
3.1836, 3.1623, 0.0213
3.1629, 3.1142, 0.0487
3.1675, 3.1260, 0.0415
3.1947, 3.1856, 0.0091
3.2408, 3.1445, 0.0963
3.3010, 3.2977, 0.0033
3.3703, 3.2252, 0.1451
3.4430, 3.1361, 0.3069
3.5138, 3.8782, 0.3644
3.5773, 3.6907, 0.1134
3.6291, 3.8371, 0.2080
3.6654, 3.8937, 0.2283
3.6836, 3.7582, 0.0746
3.6824, 3.7887, 0.1063
3.6618, 3.6583, 0.0035
3.6229, 3.6247, 0.0018
3.5684, 3.5283, 0.0401
3.5017, 3.4716, 0.0301
3.4272, 3.4092, 0.0180
3.3501, 2.9160, 0.4341
3.2754, 3.2347, 0.0407
3.2086, 3.0462, 0.1624
3.1544, 3.0835, 0.0709
3.1174, 3.0790, 0.0384
3.1010, 3.0442, 0.0568
3.1078, 3.0379, 0.0699
3.1393, 3.0641, 0.0752
3.1959, 3.0659, 0.1300
3.2768, 3.1330, 0.1438
3.3803, 3.0885, 0.2918
3.5038, 3.3524, 0.1514
3.6440, 3.3416, 0.3024
3.7974, 3.7033, 0.0941
3.9598, 3.8698, 0.0900
4.1273, 4.0491, 0.0782
4.2962, 4.3125, 0.0163
4.4630, 4.4831, 0.0201
4.6247, 4.6143, 0.0104
4.7790, 4.8010, 0.0220
4.9241, 4.9055, 0.0186
5.0588, 4.9627, 0.0961
5.1826, 5.1538, 0.0288
5.2956, 5.3065, 0.0109
5.3982, 5.3851, 0.0131
5.4911, 5.5119, 0.0208
5.5753, 5.5513, 0.0240
5.6517, 5.6530, 0.0013
5.7213, 5.6841, 0.0372
5.7848, 5.7897, 0.0049
5.8428, 5.8052, 0.0376
5.8955, 5.9016, 0.0061
5.9428, 5.8936, 0.0492
5.9843, 5.9873, 0.0030
6.0193, 6.0282, 0.0089
6.0471, 6.0415, 0.0056
6.0668, 6.0367, 0.0301
6.0773, 6.0569, 0.0204
6.0780, 6.0871, 0.0091
6.0681, 5.9871, 0.0810
6.0476, 6.0688, 0.0212
6.0165, 6.0696, 0.0531
5.9754, 5.8401, 0.1353
5.9255, 5.8639, 0.0616
5.8683, 5.9250, 0.0567
5.8058, 5.9237, 0.1179
5.7405, 5.8325, 0.0920
5.6750, 5.6470, 0.0280
5.6124, 5.5323, 0.0801
5.5554, 5.5373, 0.0181
5.5070, 5.3899, 0.1171
5.4697, 5.4384, 0.0313
5.4457, 5.4257, 0.0200
5.4366, 5.4166, 0.0200
5.4436, 5.4124, 0.0312
5.4671, 5.4329, 0.0342
5.5067, 5.4658, 0.0409
5.5617, 5.7255, 0.1638
5.6305, 5.5007, 0.1298
5.7111, 5.6256, 0.0855
5.8010, 5.7397, 0.0613
5.8977, 6.0021, 0.1044
5.9984, 5.8943, 0.1041
6.1000, 5.9348, 0.1652
6.2001, 6.1776, 0.0225
6.2962, 6.3424, 0.0462
6.3864, 6.3977, 0.0113
6.4690, 6.4632, 0.0058
6.5429, 6.5572, 0.0143
6.6075, 6.6247, 0.0172
6.6626, 6.6782, 0.0156
6.7086, 6.7292, 0.0206
6.7459, 6.7443, 0.0016
6.7755, 6.8047, 0.0292
6.7984, 6.7936, 0.0048
6.8155, 6.8157, 0.0002
6.8279, 6.8205, 0.0074
6.8363, 6.8315, 0.0048
6.8414, 6.8335, 0.0079
6.8434, 6.8312, 0.0122
6.8424, 6.8229, 0.0195
6.8380, 6.8029, 0.0351
6.8295, 6.7792, 0.0503
6.8165, 6.7579, 0.0586
6.7978, 6.7100, 0.0878
6.7728, 6.7472, 0.0256
6.7405, 6.7853, 0.0448
6.7004, 6.8223, 0.1219
6.6521, 6.6714, 0.0193
6.5957, 6.7106, 0.1149
6.5316, 6.6326, 0.1010
6.4605, 6.4415, 0.0190
6.3837, 6.4129, 0.0292
6.3027, 6.3170, 0.0143
6.2193, 6.2366, 0.0173
6.1356, 6.1262, 0.0094
6.0536, 6.0543, 0.0007
5.9752, 5.9467, 0.0285
5.9021, 5.9000, 0.0021
5.8356, 5.7857, 0.0499
5.7764, 5.7746, 0.0018
5.7246, 5.7566, 0.0320
5.6797, 5.6796, 0.0001
5.6404, 5.7024, 0.0620
5.6047, 5.6114, 0.0067
5.5704, 5.5751, 0.0047
5.5344, 5.5543, 0.0199
5.4937, 5.5135, 0.0198
5.4450, 5.4532, 0.0082
5.3854, 5.4257, 0.0403
5.3122, 5.3310, 0.0188
5.2234, 5.2562, 0.0328
5.1178, 5.1315, 0.0137
4.9950, 5.0221, 0.0271
4.8556, 4.8953, 0.0397
4.7012, 4.7624, 0.0612
4.5345, 4.5707, 0.0362
4.3589, 4.3973, 0.0384
4.1784, 4.2329, 0.0545
3.9977, 4.0461, 0.0484
3.8214, 3.8085, 0.0129
3.6544, 3.7147, 0.0603
3.5007, 3.4808, 0.0199
3.3640, 3.2925, 0.0715
3.2471, 3.2234, 0.0237
3.1515, 3.1859, 0.0344
3.0780, 3.0645, 0.0135
3.0256, 3.0876, 0.0620
2.9927, 2.9631, 0.0296
2.9761, 2.9203, 0.0558
2.9723, 2.8946, 0.0777
2.9769, 2.9556, 0.0213
2.9853, 3.0416, 0.0563
2.9930, 2.9582, 0.0348
2.9957, 3.1571, 0.1614
2.9900, 2.9852, 0.0048
2.9730, 3.0479, 0.0749
2.9432, 3.0141, 0.0709
2.9003, 3.0587, 0.1584
2.8450, 2.9996, 0.1546
2.7793, 2.7925, 0.0132
2.7064, 2.7296, 0.0232
2.6301, 2.6378, 0.0077
2.5550, 2.5658, 0.0108
2.4858, 2.4850, 0.0008
2.4273, 2.4163, 0.0110
2.3838, 2.3635, 0.0203
2.3588, 2.3360, 0.0228
2.3551, 2.2788, 0.0763
2.3741, 2.3090, 0.0651
2.4158, 2.3403, 0.0755
2.4792, 2.3620, 0.1172
2.5615, 2.6571, 0.0956
2.6592, 2.4264, 0.2328
2.7674, 2.6293, 0.1381
2.8810, 2.8156, 0.0654
2.9941, 2.9199, 0.0742
3.1011, 3.0623, 0.0388
3.1967, 3.2466, 0.0499
3.2760, 3.3313, 0.0553
3.3356, 3.3089, 0.0267
3.3728, 3.4445, 0.0717
3.3865, 3.4551, 0.0686
3.3768, 3.4592, 0.0824
3.3453, 3.4525, 0.1072
3.2947, 3.3723, 0.0776
3.2291, 3.3092, 0.0801
3.1529, 3.2482, 0.0953
3.0715, 3.2052, 0.1337
2.9901, 3.1536, 0.1635
2.9138, 3.0857, 0.1719
2.8471, 3.0210, 0.1739
2.7939, 2.6888, 0.1051
2.7568, 2.7054, 0.0514
2.7372, 2.6920, 0.0452
2.7354, 2.7695, 0.0341
2.7500, 2.8574, 0.1074
2.7788, 3.1006, 0.3218
2.8183, 2.7850, 0.0333
2.8646, 2.7077, 0.1569
2.9130, 3.1856, 0.2726
2.9589, 3.0163, 0.0574
2.9977, 2.9232, 0.0745
3.0253, 3.2699, 0.2446
3.0385, 2.9540, 0.0845
3.0352, 3.0623, 0.0271
3.0141, 3.0206, 0.0065
2.9755, 3.0552, 0.0797
2.9207, 3.0417, 0.1210
2.8522, 2.9347, 0.0825
2.7734, 2.8138, 0.0404
2.6887, 2.6693, 0.0194
2.6026, 2.5966, 0.0060
2.5200, 2.5095, 0.0105
2.4452, 2.4774, 0.0322
2.3824, 2.4026, 0.0202
2.3349, 2.3353, 0.0004
2.3049, 2.2813, 0.0236
2.2934, 2.2396, 0.0538
2.3002, 2.2710, 0.0292
2.3239, 2.3617, 0.0378
2.3620, 2.2708, 0.0912
2.4110, 2.5142, 0.1032
2.4666, 2.6290, 0.1624
2.5242, 2.6471, 0.1229
2.5791, 2.6123, 0.0332
2.6266, 2.6251, 0.0015
2.6628, 2.8291, 0.1663
2.6844, 2.6365, 0.0479
2.6891, 2.6198, 0.0693
2.6758, 2.5670, 0.1088
2.6445, 2.6473, 0.0028
2.5963, 2.7540, 0.1577
2.5337, 2.2914, 0.2423
2.4599, 2.4650, 0.0051
2.3789, 2.4308, 0.0519
2.2950, 2.1502, 0.1448
2.2130, 2.1824, 0.0306
2.1371, 2.1739, 0.0368
2.0715, 2.0300, 0.0415
2.0194, 1.9905, 0.0289
1.9833, 1.9749, 0.0084
1.9646, 1.9904, 0.0258
1.9636, 1.9632, 0.0004
1.9794, 1.9742, 0.0052
2.0103, 2.0301, 0.0198
2.0536, 2.0285, 0.0251
2.1063, 2.1786, 0.0723
2.1644, 2.1046, 0.0598
2.2244, 2.2418, 0.0174
2.2826, 2.2866, 0.0040
2.3356, 2.4852, 0.1496
2.3809, 2.3446, 0.0363
2.4166, 2.3279, 0.0887
2.4418, 2.5271, 0.0853
2.4563, 2.3134, 0.1429
2.4610, 2.4233, 0.0377
2.4577, 2.4231, 0.0346
2.4487, 2.4906, 0.0419
2.4371, 2.3923, 0.0448
2.4259, 2.4365, 0.0106
2.4184, 2.2793, 0.1391
2.4174, 2.3943, 0.0231
2.4253, 2.3487, 0.0766
2.4438, 2.3487, 0.0951
2.4737, 2.4187, 0.0550
2.5147, 2.4375, 0.0772
2.5657, 2.4638, 0.1019
2.6243, 2.6214, 0.0029
2.6875, 2.6669, 0.0206
2.7516, 2.7539, 0.0023
2.8124, 2.7929, 0.0195
2.8657, 2.8739, 0.0082
2.9075, 2.9329, 0.0254
2.9341, 2.9482, 0.0141
2.9427, 2.9837, 0.0410
2.9314, 2.9507, 0.0193
2.8997, 2.9761, 0.0764
2.8481, 2.9564, 0.1083
2.7788, 2.9034, 0.1246
2.6947, 2.8237, 0.1290
2.6003, 2.8504, 0.2501
2.5007, 2.4844, 0.0163
2.4017, 2.4026, 0.0009
2.3094, 2.3226, 0.0132
2.2295, 2.1851, 0.0444
2.1674, 2.1717, 0.0043
2.1275, 2.0889, 0.0386
2.1133, 2.1050, 0.0083
2.1266, 2.1121, 0.0145
2.1679, 2.1254, 0.0425
2.2360, 2.1667, 0.0693
2.3280, 2.1874, 0.1406
2.4401, 2.2764, 0.1637
2.5669, 2.2745, 0.2924
2.7026, 2.4313, 0.2713
2.8406, 2.7942, 0.0464
2.9745, 3.0791, 0.1046
3.0982, 3.1162, 0.0180
3.2061, 3.2331, 0.0270
3.2939, 3.3437, 0.0498
3.3586, 3.4333, 0.0747
3.3986, 3.4669, 0.0683
3.4139, 3.4528, 0.0389
3.4060, 3.5092, 0.1032
3.3781, 3.4439, 0.0658
3.3342, 3.2981, 0.0361
3.2797, 3.3075, 0.0278
3.2202, 3.1853, 0.0349
3.1618, 3.1754, 0.0136
3.1106, 3.1202, 0.0096
3.0720, 3.0346, 0.0374
3.0506, 2.9530, 0.0976
3.0501, 2.9151, 0.1350
3.0727, 2.9937, 0.0790
3.1196, 2.8953, 0.2243
3.1901, 3.0175, 0.1726
3.2827, 3.1104, 0.1723
3.3946, 3.4002, 0.0056
3.5219, 3.4020, 0.1199
3.6602, 3.7214, 0.0612
3.8048, 3.7636, 0.0412
3.9508, 3.9631, 0.0123
4.0937, 4.0791, 0.0146
4.2293, 4.2166, 0.0127
4.3545, 4.3458, 0.0087
4.4666, 4.4379, 0.0287
4.5643, 4.5442, 0.0201
4.6470, 4.5964, 0.0506
4.7155, 4.6809, 0.0346
4.7711, 4.7780, 0.0069
4.8159, 4.8195, 0.0036
4.8527, 4.8558, 0.0031
4.8844, 4.8770, 0.0074
4.9141, 4.9075, 0.0066
4.9446, 4.9208, 0.0238
4.9784, 4.9560, 0.0224
5.0173, 4.9745, 0.0428
5.0625, 5.0201, 0.0424
5.1144, 5.1881, 0.0737
5.1724, 5.1064, 0.0660
5.2355, 5.1631, 0.0724
5.3016, 5.2976, 0.0040
5.3684, 5.3622, 0.0062
5.4331, 5.4330, 0.0001
5.4926, 5.4952, 0.0026
5.5440, 5.5493, 0.0053
5.5847, 5.7003, 0.1156
5.6123, 5.6227, 0.0104
5.6251, 5.6672, 0.0421
5.6222, 5.6369, 0.0147
5.6031, 5.6647, 0.0616
5.5685, 5.6049, 0.0364
5.5195, 5.6062, 0.0867
5.4579, 5.5361, 0.0782
5.3863, 5.4114, 0.0251
5.3074, 5.3988, 0.0914
5.2241, 5.3963, 0.1722
5.1390, 5.2377, 0.0987
5.0548, 4.9826, 0.0722
4.9735, 5.0693, 0.0958
4.8964, 4.9281, 0.0317
4.8244, 4.8227, 0.0017
4.7573, 4.8023, 0.0450
4.6942, 4.7005, 0.0063
4.6337, 4.6808, 0.0471
4.5737, 4.5962, 0.0225
4.5115, 4.6237, 0.1122
4.4444, 4.4820, 0.0376
4.3700, 4.4429, 0.0729
4.2859, 4.3662, 0.0803
4.1903, 4.2488, 0.0585
4.0821, 4.1721, 0.0900
3.9612, 4.0573, 0.0961
3.8285, 3.8308, 0.0023
3.6857, 3.6879, 0.0022
3.5356, 3.5331, 0.0025
3.3819, 3.3738, 0.0081
3.2291, 3.2203, 0.0088
3.0819, 3.0709, 0.0110
2.9455, 2.9298, 0.0157
2.8248, 2.9006, 0.0758
2.7243, 2.7022, 0.0221
2.6476, 2.6009, 0.0467
2.5977, 2.5711, 0.0266
2.5760, 2.6236, 0.0476
2.5829, 2.5205, 0.0624
2.6173, 2.5796, 0.0377
2.6766, 2.5075, 0.1691
2.7571, 2.6343, 0.1228
2.8542, 2.7752, 0.0790
2.9622, 2.7290, 0.2332
3.0752, 3.2047, 0.1295
3.1870, 3.2436, 0.0566
3.2916, 3.5182, 0.2266
3.3836, 3.4590, 0.0754
3.4583, 3.4334, 0.0249
3.5121, 3.6380, 0.1259
3.5429, 3.6685, 0.1256
3.5494, 3.9122, 0.3628
3.5320, 3.7237, 0.1917
3.4924, 3.4150, 0.0774
3.4333, 3.4022, 0.0311
3.3584, 3.4661, 0.1077
3.2720, 3.1977, 0.0743
3.1788, 2.9991, 0.1797
3.0833, 2.9533, 0.1300
2.9900, 3.0440, 0.0540
2.9025, 2.6946, 0.2079
2.8238, 2.7686, 0.0552
2.7558, 2.7543, 0.0015
2.6991, 2.5156, 0.1835
2.6534, 2.6028, 0.0506
2.6173, 2.6412, 0.0239
2.5884, 2.5524, 0.0360
2.5637, 2.5599, 0.0038
2.5397, 2.5338, 0.0059
2.5128, 2.5223, 0.0095
2.4795, 2.4785, 0.0010
2.4367, 2.5771, 0.1404
2.3823, 2.3879, 0.0056
2.3149, 2.3172, 0.0023
2.2341, 2.2460, 0.0119
2.1408, 2.1523, 0.0115
2.0369, 2.0532, 0.0163
1.9254, 1.9438, 0.0184
1.8100, 1.8141, 0.0041
1.6951, 1.7197, 0.0246
1.5855, 1.5742, 0.0113
1.4857, 1.4253, 0.0604
1.4002, 1.3760, 0.0242
1.3328, 1.2958, 0.0370
1.2862, 1.2934, 0.0072
1.2622, 1.2065, 0.0557
1.2614, 1.2655, 0.0041
1.2830, 1.2669, 0.0161
1.3251, 1.3318, 0.0067
1.3847, 1.3398, 0.0449
1.4579, 1.4560, 0.0019
1.5402, 1.5859, 0.0457
1.6267, 1.5966, 0.0301
1.7126, 1.8654, 0.1528
1.7934, 1.7139, 0.0795
1.8652, 1.8367, 0.0285
1.9252, 1.8856, 0.0396
1.9715, 2.1320, 0.1605
2.0037, 1.9902, 0.0135
2.0223, 2.0174, 0.0049
2.0297, 2.0260, 0.0037
2.0287, 1.9783, 0.0504
2.0237, 1.9236, 0.1001
2.0193, 1.8790, 0.1403
2.0210, 1.9639, 0.0571
2.0340, 1.9267, 0.1073
2.0634, 1.8843, 0.1791
2.1138, 1.8823, 0.2315
2.1887, 2.1057, 0.0830
2.2908, 2.1850, 0.1058
2.4214, 2.3235, 0.0979
2.5802, 2.5181, 0.0621
2.7659, 2.7075, 0.0584
2.9755, 2.9072, 0.0683
3.2052, 3.1416, 0.0636
3.4501, 3.3726, 0.0775
3.7046, 3.7179, 0.0133
3.9625, 3.7320, 0.2305
4.2179, 4.2417, 0.0238
4.4645, 4.5680, 0.1035
4.6970, 4.7288, 0.0318
4.9105, 5.0424, 0.1319
5.1012, 5.1891, 0.0879
5.2661, 5.3075, 0.0414
5.4035, 5.4823, 0.0788
5.5125, 5.5490, 0.0365
5.5937, 5.6005, 0.0068
5.6483, 5.7041, 0.0558
5.6784, 5.6944, 0.0160
5.6864, 5.7669, 0.0805
5.6753, 5.7142, 0.0389
5.6482, 5.3321, 0.3161
5.6077, 5.6603, 0.0526
5.5565, 5.6343, 0.0778
5.4966, 5.5835, 0.0869
5.4293, 5.5228, 0.0935
5.3556, 5.3205, 0.0351
5.2754, 5.4168, 0.1414
5.1886, 5.3774, 0.1888
5.0943, 5.1123, 0.0180
4.9916, 5.1980, 0.2064
4.8795, 4.9228, 0.0433
4.7570, 4.8000, 0.0430
4.6236, 4.7507, 0.1271
4.4794, 4.5252, 0.0458
4.3252, 4.4157, 0.0905
4.1626, 4.1845, 0.0219
3.9939, 4.0477, 0.0538
3.8225, 3.8411, 0.0186
3.6523, 3.7097, 0.0574
3.4880, 3.5536, 0.0656
3.3346, 3.4049, 0.0703
3.1973, 3.2457, 0.0484
3.0810, 3.1084, 0.0274
2.9905, 2.9880, 0.0025
2.9298, 2.9661, 0.0363
2.9019, 2.8648, 0.0371
2.9088, 2.9517, 0.0429
2.9512, 2.8592, 0.0920
3.0288, 2.9066, 0.1222
3.1395, 2.9714, 0.1681
3.2806, 2.9225, 0.3581
3.4479, 3.3607, 0.0872
3.6365, 3.6446, 0.0081
3.8412, 3.6852, 0.1560
4.0559, 3.9994, 0.0565
4.2749, 4.5034, 0.2285
4.4927, 4.5535, 0.0608
4.7039, 4.8595, 0.1556
4.9043, 5.0052, 0.1009
5.0903, 5.0999, 0.0096
5.2591, 5.2673, 0.0082
5.4092, 5.4253, 0.0161
5.5401, 5.5697, 0.0296
5.6522, 5.6765, 0.0243
5.7466, 5.8015, 0.0549
5.8253, 5.8584, 0.0331
5.8908, 5.8648, 0.0260
5.9457, 5.9847, 0.0390
5.9929, 5.9524, 0.0405
6.0354, 6.0114, 0.0240
6.0755, 6.0025, 0.0730
6.1155, 6.0733, 0.0422
6.1570, 6.1199, 0.0371
6.2011, 6.2386, 0.0375
6.2481, 6.1889, 0.0592
6.2980, 6.3425, 0.0445
6.3500, 6.3886, 0.0386
6.4028, 6.3994, 0.0034
6.4550, 6.4494, 0.0056
6.5048, 6.5039, 0.0009
6.5501, 6.5503, 0.0002
6.5891, 6.5919, 0.0028
6.6202, 6.6524, 0.0322
6.6417, 6.6485, 0.0068
6.6524, 6.6813, 0.0289
6.6514, 6.6620, 0.0106
6.6383, 6.6612, 0.0229
6.6130, 6.6398, 0.0268
6.5757, 6.6238, 0.0481
6.5270, 6.5530, 0.0260
6.4672, 6.5448, 0.0776
6.3971, 6.4561, 0.0590
6.3173, 6.2998, 0.0175
6.2279, 6.3310, 0.1031
6.1292, 6.1575, 0.0283
6.0208, 6.1112, 0.0904
5.9021, 5.9223, 0.0202
5.7721, 5.7836, 0.0115
5.6298, 5.6571, 0.0273
5.4738, 5.5300, 0.0562
5.3029, 5.3676, 0.0647
5.1159, 5.1763, 0.0604
4.9123, 4.9080, 0.0043
4.6917, 4.7616, 0.0699
4.4548, 4.4492, 0.0056
4.2030, 4.1893, 0.0137
3.9387, 4.0320, 0.0933
3.6652, 3.6459, 0.0193
3.3869, 3.4567, 0.0698
3.1087, 3.0826, 0.0261
2.8369, 2.7785, 0.0584
2.5775, 2.5453, 0.0322
2.3372, 2.3890, 0.0518
2.1223, 2.1393, 0.0170
1.9389, 2.0228, 0.0839
1.7919, 1.8366, 0.0447
1.6854, 1.7500, 0.0646
1.6221, 1.6974, 0.0753
1.6030, 1.6341, 0.0311
1.6276, 1.4609, 0.1667
1.6936, 1.8190, 0.1254
1.7972, 1.7212, 0.0760
1.9330, 1.6380, 0.2950
2.0947, 1.9115, 0.1832
2.2750, 2.3241, 0.0491
2.4662, 2.1173, 0.3489
2.6605, 2.7243, 0.0638
2.8504, 2.7358, 0.1146
3.0294, 3.1285, 0.0991
3.1917, 3.0038, 0.1879
3.3329, 3.5317, 0.1988
3.4502, 3.1801, 0.2701
3.5421, 3.8710, 0.3289
3.6088, 3.7096, 0.1008
3.6518, 3.6597, 0.0079
3.6740, 3.5508, 0.1232
3.6792, 3.4897, 0.1895
3.6716, 3.7139, 0.0423
3.6559, 3.5094, 0.1465
3.6368, 3.7282, 0.0914
3.6185, 3.7649, 0.1464
3.6044, 3.6022, 0.0022
3.5972, 3.6022, 0.0050
3.5983, 3.5158, 0.0825
3.6082, 3.4375, 0.1707
3.6260, 3.3998, 0.2262
3.6498, 3.5636, 0.0862
3.6769, 3.6355, 0.0414
3.7040, 3.6532, 0.0508
3.7273, 3.7847, 0.0574
3.7428, 3.7740, 0.0312
3.7469, 3.7828, 0.0359
3.7365, 3.7801, 0.0436
3.7091, 3.7949, 0.0858
3.6634, 3.7840, 0.1206
3.5991, 3.6846, 0.0855
3.5168, 3.7413, 0.2245
3.4187, 3.4345, 0.0158
3.3077, 3.3536, 0.0459
3.1879, 3.1592, 0.0287
3.0639, 3.0788, 0.0149
2.9409, 2.9100, 0.0309
2.8240, 2.7948, 0.0292
2.7183, 2.7619, 0.0436
2.6284, 2.5686, 0.0598
2.5582, 2.5390, 0.0192
2.5107, 2.4913, 0.0194
2.4878, 2.4036, 0.0842
2.4901, 2.4333, 0.0568
2.5170, 2.4998, 0.0172
2.5670, 2.4862, 0.0808
2.6374, 2.4374, 0.2000
2.7249, 2.6685, 0.0564
2.8255, 3.0267, 0.2012
2.9349, 2.8119, 0.1230
3.0489, 3.1516, 0.1027
3.1635, 2.9431, 0.2204
3.2751, 3.3789, 0.1038
3.3808, 3.4364, 0.0556
3.4788, 3.6554, 0.1766
3.5679, 3.6634, 0.0955
3.6480, 3.6757, 0.0277
3.7198, 3.7482, 0.0284
3.7850, 3.7718, 0.0132
3.8458, 3.8801, 0.0343
3.9049, 3.8772, 0.0277
3.9651, 3.9818, 0.0167
4.0294, 3.9898, 0.0396
4.1005, 4.0565, 0.0440
4.1804, 4.1208, 0.0596
4.2707, 4.2214, 0.0493
4.3721, 4.2843, 0.0878
4.4847, 4.4573, 0.0274
4.6076, 4.6040, 0.0036
4.7390, 4.6994, 0.0396
4.8766, 4.8756, 0.0010
5.0174, 4.9709, 0.0465
5.1581, 5.1616, 0.0035
5.2951, 5.1798, 0.1153
5.4250, 5.4336, 0.0086
5.5444, 5.5645, 0.0201
5.6507, 5.6927, 0.0420
5.7417, 5.7987, 0.0570
5.8158, 5.8321, 0.0163
5.8724, 5.9102, 0.0378
5.9116, 5.9282, 0.0166
5.9344, 5.9505, 0.0161
5.9425, 5.9725, 0.0300
5.9382, 5.9589, 0.0207
5.9244, 5.9551, 0.0307
5.9040, 5.9211, 0.0171
5.8803, 5.9453, 0.0650
5.8564, 5.8715, 0.0151
5.8352, 5.9351, 0.0999
5.8190, 5.8038, 0.0152
5.8097, 5.8847, 0.0750
5.8086, 5.7215, 0.0871
5.8161, 5.7763, 0.0398
5.8320, 5.8684, 0.0364
5.8556, 5.7398, 0.1158
5.8855, 5.9230, 0.0375
5.9197, 5.9256, 0.0059
5.9562, 5.9715, 0.0153
5.9926, 5.9678, 0.0248
6.0265, 6.0254, 0.0011
6.0558, 6.0543, 0.0015
6.0785, 6.0721, 0.0064
6.0931, 6.0885, 0.0046
6.0984, 6.1233, 0.0249
6.0938, 6.1193, 0.0255
6.0793, 6.1018, 0.0225
6.0554, 6.0213, 0.0341
6.0229, 6.0904, 0.0675
5.9832, 5.9925, 0.0093
5.9378, 5.9790, 0.0412
5.8887, 5.8455, 0.0432
5.8375, 5.8303, 0.0072
5.7861, 5.8100, 0.0239
5.7359, 5.7184, 0.0175
5.6884, 5.6891, 0.0007
5.6445, 5.6281, 0.0164
5.6046, 5.6088, 0.0042
5.5690, 5.5612, 0.0078
5.5375, 5.5484, 0.0109
5.5095, 5.5118, 0.0023
5.4841, 5.5061, 0.0220
5.4601, 5.4678, 0.0077
5.4366, 5.4665, 0.0299
5.4123, 5.4142, 0.0019
5.3862, 5.3633, 0.0229
5.3574, 5.3549, 0.0025
5.3253, 5.3341, 0.0088
5.2894, 5.2912, 0.0018
5.2496, 5.2391, 0.0105
5.2063, 5.1971, 0.0092
5.1598, 5.1365, 0.0233
5.1110, 5.0882, 0.0228
5.0605, 5.0613, 0.0008
5.0093, 4.9755, 0.0338
4.9580, 4.9577, 0.0003
4.9072, 4.8876, 0.0196
4.8571, 4.8688, 0.0117
4.8075, 4.7958, 0.0117
4.7581, 4.7579, 0.0002
4.7078, 4.7404, 0.0326
4.6554, 4.6571, 0.0017
4.5992, 4.6468, 0.0476
4.5374, 4.5418, 0.0044
4.4681, 4.5143, 0.0462
4.3895, 4.3959, 0.0064
4.2998, 4.3136, 0.0138
4.1979, 4.2048, 0.0069
4.0831, 4.0965, 0.0134
3.9554, 3.9599, 0.0045
3.8155, 3.8228, 0.0073
3.6652, 3.6647, 0.0005
3.5069, 3.5804, 0.0735
3.3439, 3.3368, 0.0071
3.1804, 3.1621, 0.0183
3.0209, 3.0066, 0.0143
2.8704, 2.8374, 0.0330
2.7343, 2.7127, 0.0216
2.6174, 2.5959, 0.0215
2.5246, 2.4751, 0.0495
2.4600, 2.4234, 0.0366
2.4270, 2.4047, 0.0223
2.4278, 2.3709, 0.0569
2.4635, 2.4118, 0.0517
2.5344, 2.4307, 0.1037
2.6389, 2.6220, 0.0169
2.7747, 2.7708, 0.0039
2.9383, 2.8469, 0.0914
3.1256, 3.1125, 0.0131
3.3313, 3.0944, 0.2369
3.5502, 3.4577, 0.0925
3.7767, 3.9436, 0.1669
4.0054, 3.9455, 0.0599
4.2310, 4.3100, 0.0790
4.4493, 4.4316, 0.0177
4.6561, 4.6469, 0.0092
4.8485, 4.8280, 0.0205
5.0243, 5.0192, 0.0051
5.1823, 5.1599, 0.0224
5.3220, 5.3247, 0.0027
5.4438, 5.4792, 0.0354
5.5485, 5.5624, 0.0139
5.6376, 5.5560, 0.0816
5.7127, 5.7384, 0.0257
5.7755, 5.7541, 0.0214
5.8277, 5.8565, 0.0288
5.8707, 5.8535, 0.0172
5.9056, 5.9148, 0.0092
5.9331, 5.9032, 0.0299
5.9534, 5.9776, 0.0242
5.9663, 6.0399, 0.0736
5.9711, 6.0155, 0.0444
5.9671, 6.0263, 0.0592
5.9531, 5.8729, 0.0802
5.9280, 5.9125, 0.0155
5.8910, 5.9316, 0.0406
5.8413, 5.7409, 0.1004
5.7786, 5.8380, 0.0594
5.7034, 5.6767, 0.0267
5.6165, 5.7136, 0.0971
5.5194, 5.6668, 0.1474
5.4143, 5.4494, 0.0351
5.3041, 5.1709, 0.1332
5.1919, 5.0462, 0.1457
5.0813, 5.0689, 0.0124
4.9762, 4.9576, 0.0186
4.8803, 4.9061, 0.0258
4.7972, 4.7574, 0.0398
4.7300, 4.7308, 0.0008
4.6814, 4.6225, 0.0589
4.6532, 4.6453, 0.0079
4.6465, 4.6163, 0.0302
4.6613, 4.6017, 0.0596
4.6968, 4.6098, 0.0870
4.7516, 4.7639, 0.0123
4.8230, 4.7598, 0.0632
4.9081, 4.9248, 0.0167
5.0035, 4.9018, 0.1017
5.1051, 5.1077, 0.0026
5.2092, 5.1099, 0.0993
5.3118, 5.2634, 0.0484
5.4093, 5.2811, 0.1282
5.4985, 5.6173, 0.1188
5.5767, 5.6762, 0.0995
5.6417, 5.7214, 0.0797
5.6920, 5.6757, 0.0163
5.7268, 5.7766, 0.0498
5.7458, 5.7775, 0.0317
5.7493, 5.7712, 0.0219
5.7381, 5.7521, 0.0140
5.7131, 5.7677, 0.0546
5.6755, 5.7369, 0.0614
5.6266, 5.5554, 0.0712
5.5674, 5.7171, 0.1497
5.4990, 5.4410, 0.0580
5.4220, 5.4594, 0.0374
5.3368, 5.3993, 0.0625
5.2434, 5.3321, 0.0887
5.1415, 5.2426, 0.1011
5.0308, 4.9344, 0.0964
4.9105, 5.0125, 0.1020
4.7802, 4.9359, 0.1557
4.6394, 4.6638, 0.0244
4.4878, 4.5428, 0.0550
4.3258, 4.3574, 0.0316
4.1538, 4.1682, 0.0144
3.9734, 4.0156, 0.0422
3.7864, 3.7589, 0.0275
3.5951, 3.6072, 0.0121
3.4025, 3.3627, 0.0398
3.2121, 3.2387, 0.0266
3.0273, 3.0175, 0.0098
2.8518, 2.8653, 0.0135
2.6890, 2.7165, 0.0275
2.5420, 2.5622, 0.0202
2.4130, 2.4703, 0.0573
2.3034, 2.3376, 0.0342
2.2136, 2.2266, 0.0130
2.1427, 2.2223, 0.0796
2.0886, 2.1289, 0.0403
2.0482, 1.9839, 0.0643
2.0172, 2.1156, 0.0984
1.9905, 1.8749, 0.1156
1.9626, 1.9643, 0.0017
1.9276, 1.9884, 0.0608
1.8799, 1.8936, 0.0137
1.8145, 2.1021, 0.2876
1.7270, 1.7509, 0.0239
1.6146, 1.6627, 0.0481
1.4757, 1.5514, 0.0757
1.3105, 1.4130, 0.1025
1.1209, 1.1118, 0.0091
0.9103, 0.9221, 0.0118
0.6841, 0.7202, 0.0361
0.4485, 0.4916, 0.0431
0.2112, 0.2849, 0.0737
-0.0200, -0.0380, 0.0180
-0.2369, -0.2742, 0.0373
-0.4318, -0.4558, 0.0240
-0.5980, -0.6299, 0.0319
-0.7297, -0.7693, 0.0396
-0.8233, -0.8622, 0.0389
-0.8765, -0.9381, 0.0616
-0.8896, -0.9372, 0.0476
-0.8646, -0.8464, 0.0182
-0.8057, -0.9084, 0.1027
-0.7186, -0.6321, 0.0865
-0.6104, -0.6434, 0.0330
-0.4892, -0.3263, 0.1629
-0.3633, -0.3450, 0.0183
-0.2411, 0.0000, 0.2411
-0.1302, 0.0766, 0.2068
-0.0373, -0.1677, 0.1304
0.0327, 0.2931, 0.2604
0.0767, 0.1123, 0.0356
0.0934, 0.1911, 0.0977
0.0840, 0.0899, 0.0059
0.0513, 0.3383, 0.2870
0.0003, 0.2188, 0.2185
-0.0627, 0.4343, 0.4970
-0.1303, 0.1584, 0.2887
-0.1942, 0.0093, 0.2035
-0.2463, -0.3117, 0.0654
-0.2786, -0.5086, 0.2300
-0.2842, -0.4966, 0.2124
-0.2572, -0.4207, 0.1635
-0.1937, -0.2275, 0.0338
-0.0914, -0.1388, 0.0474
0.0499, -0.2374, 0.2873
0.2285, -0.0223, 0.2508
0.4409, 0.2466, 0.1943
0.6820, 0.5101, 0.1719
0.9453, 0.7758, 0.1695
1.2234, 1.0031, 0.2203
1.5088, 1.2705, 0.2383
1.7936, 1.8314, 0.0378
2.0706, 1.9264, 0.1442
2.3331, 2.3845, 0.0514
2.5756, 2.4765, 0.0991
2.7937, 2.9577, 0.1640
2.9846, 2.9593, 0.0253
3.1466, 3.1621, 0.0155
3.2797, 3.2361, 0.0436
3.3850, 3.4237, 0.0387
3.4648, 3.4896, 0.0248
3.5218, 3.5154, 0.0064
3.5596, 3.6413, 0.0817
3.5818, 3.6192, 0.0374
3.5918, 3.6050, 0.0132
3.5930, 3.5185, 0.0745
3.5878, 3.5984, 0.0106
3.5782, 3.4525, 0.1257
3.5652, 3.5783, 0.0131
3.5490, 3.4155, 0.1335
3.5291, 3.5183, 0.0108
3.5043, 3.2217, 0.2826
3.4729, 3.3959, 0.0770
3.4331, 3.5268, 0.0937
3.3828, 3.1921, 0.1907
3.3203, 3.4773, 0.1570
3.2444, 3.2900, 0.0456
3.1544, 3.2059, 0.0515
3.0506, 3.2324, 0.1818
2.9343, 2.7405, 0.1938
2.8076, 2.8201, 0.0125
2.6739, 2.6937, 0.0198
2.5372, 2.5853, 0.0481
2.4025, 2.4160, 0.0135
2.2755, 2.2843, 0.0088
2.1619, 2.1614, 0.0005
2.0675, 1.9849, 0.0826
1.9979, 1.9752, 0.0227
1.9580, 1.8258, 0.1322
1.9519, 1.9294, 0.0225
1.9823, 1.9703, 0.0120
2.0509, 1.9656, 0.0853
2.1576, 2.0960, 0.0616
2.3011, 2.0468, 0.2543
2.4786, 2.2875, 0.1911
2.6859, 2.5120, 0.1739
2.9178, 2.7703, 0.1475
3.1682, 2.8224, 0.3458
3.4303, 3.1514, 0.2789
3.6973, 3.7452, 0.0479
3.9623, 3.8617, 0.1006
4.2187, 4.2767, 0.0580
4.4606, 4.4159, 0.0447
4.6832, 4.8023, 0.1191
4.8824, 4.7569, 0.1255
5.0555, 5.0606, 0.0051
5.2007, 5.2160, 0.0153
5.3178, 5.3375, 0.0197
5.4075, 5.4501, 0.0426
5.4718, 5.5060, 0.0342
5.5131, 5.5823, 0.0692
5.5348, 5.5580, 0.0232
5.5404, 5.5936, 0.0532
5.5340, 5.5619, 0.0279
5.5194, 5.6129, 0.0935
5.5006, 5.5454, 0.0448
5.4810, 5.3834, 0.0976
5.4637, 5.3709, 0.0928
5.4511, 5.4789, 0.0278
5.4452, 5.1797, 0.2655
5.4476, 5.4225, 0.0251
5.4590, 5.3794, 0.0796
5.4799, 5.3300, 0.1499
5.5101, 5.5058, 0.0043
5.5491, 5.5102, 0.0389
5.5961, 5.5686, 0.0275
5.6502, 5.6130, 0.0372
5.7101, 5.6942, 0.0159
5.7744, 5.6982, 0.0762
5.8417, 5.8341, 0.0076
5.9108, 5.8882, 0.0226
5.9799, 5.9894, 0.0095
6.0477, 6.0778, 0.0301
6.1125, 6.1070, 0.0055
6.1725, 6.2017, 0.0292
6.2263, 6.2176, 0.0087
6.2718, 6.2747, 0.0029
6.3068, 6.3167, 0.0099
6.3290, 6.3293, 0.0003
6.3359, 6.3647, 0.0288
6.3247, 6.3380, 0.0133
6.2925, 6.3463, 0.0538
6.2366, 6.3497, 0.1131
6.1543, 6.3382, 0.1839
6.0431, 6.0869, 0.0438
5.9010, 6.0875, 0.1865
5.7266, 5.9201, 0.1935
5.5194, 5.5623, 0.0429
5.2795, 5.6033, 0.3238
5.0084, 5.1102, 0.1018
4.7086, 4.8041, 0.0955
4.3836, 4.4961, 0.1125
4.0381, 4.1109, 0.0728
3.6776, 3.6909, 0.0133
3.3087, 3.4088, 0.1001
2.9382, 2.9612, 0.0230
2.5734, 2.6008, 0.0274
2.2214, 2.2476, 0.0262
1.8889, 1.9309, 0.0420
1.5817, 1.6199, 0.0382
1.3045, 1.4628, 0.1583
1.0607, 1.2165, 0.1558
0.8521, 1.1583, 0.3062
0.6786, 0.7419, 0.0633
0.5387, 0.6803, 0.1416
0.4291, 0.5017, 0.0726
0.3451, 0.4051, 0.0600
0.2812, 0.6332, 0.3520
0.2312, 0.2325, 0.0013
0.1884, 0.1830, 0.0054
0.1462, 0.1233, 0.0229
0.0989, 0.0826, 0.0163
0.0419, -0.0231, 0.0650
-0.0284, -0.1713, 0.1429
-0.1137, -0.1251, 0.0114
-0.2141, -0.2063, 0.0078
-0.3281, -0.3575, 0.0294
-0.4524, -0.4643, 0.0119
-0.5821, -0.6308, 0.0487
-0.7115, -0.7502, 0.0387
-0.8341, -0.7757, 0.0584
-0.9431, -1.1033, 0.1602
-1.0319, -1.1931, 0.1612
-1.0949, -1.1140, 0.0191
-1.1272, -1.2410, 0.1138
-1.1258, -1.2600, 0.1342
-1.0893, -1.2440, 0.1547
-1.0182, -1.0930, 0.0748
-0.9150, -1.0440, 0.1290
-0.7840, -0.9848, 0.2008
-0.6311, -0.6139, 0.0172
-0.4634, -0.6490, 0.1856
-0.2889, -0.2509, 0.0380
-0.1158, -0.3981, 0.2823
0.0477, 0.1859, 0.1382
0.1941, 0.3557, 0.1616
0.3171, 0.3751, 0.0580
0.4117, 0.3936, 0.0181
0.4749, 0.4700, 0.0049
0.5056, 0.5984, 0.0928
0.5044, 0.4903, 0.0141
0.4742, 0.6101, 0.1359
0.4195, 0.3603, 0.0592
0.3462, 0.4520, 0.1058
0.2613, 0.1358, 0.1255
0.1723, 0.1892, 0.0169
0.0870, -0.1219, 0.2089
0.0128, 0.0763, 0.0635
-0.0436, -0.3421, 0.2985
-0.0768, -0.1207, 0.0439
-0.0827, -0.0269, 0.0558
-0.0589, -0.2407, 0.1818
-0.0047, -0.0072, 0.0025
0.0789, -0.0481, 0.1270
0.1893, 0.4874, 0.2981
0.3227, 0.1117, 0.2110
0.4741, 0.1665, 0.3076
0.6380, 0.3218, 0.3162
0.8086, 0.8204, 0.0118
0.9800, 0.9917, 0.0117
1.1468, 1.1983, 0.0515
1.3045, 1.3050, 0.0005
1.4494, 1.4586, 0.0092
1.5790, 1.5597, 0.0193
1.6921, 1.7043, 0.0122
1.7884, 1.7400, 0.0484
1.8693, 1.9014, 0.0321
1.9367, 1.8492, 0.0875
1.9937, 2.0060, 0.0123
2.0439, 2.0406, 0.0033
2.0910, 2.0813, 0.0097
2.1390, 2.1125, 0.0265
2.1915, 2.1754, 0.0161
2.2517, 2.2051, 0.0466
2.3222, 2.2989, 0.0233
2.4047, 2.3414, 0.0633
2.5002, 2.4690, 0.0312
2.6087, 2.5265, 0.0822
2.7294, 2.6196, 0.1098
2.8609, 2.8506, 0.0103
3.0008, 2.9462, 0.0546
3.1465, 3.1400, 0.0065
3.2952, 3.2105, 0.0847
3.4436, 3.4427, 0.0009
3.5887, 3.5882, 0.0005
3.7277, 3.7115, 0.0162
3.8583, 3.8205, 0.0378
3.9784, 3.9506, 0.0278
4.0865, 4.0703, 0.0162
4.1818, 4.1945, 0.0127
4.2641, 4.2586, 0.0055
4.3339, 4.3333, 0.0006
4.3920, 4.4070, 0.0150
4.4397, 4.4162, 0.0235
4.4786, 4.4977, 0.0191
4.5107, 4.4738, 0.0369
4.5381, 4.5406, 0.0025
4.5626, 4.5681, 0.0055
4.5860, 4.5811, 0.0049
4.6098, 4.6157, 0.0059
4.6353, 4.6184, 0.0169
4.6633, 4.6682, 0.0049
4.6942, 4.6606, 0.0336
4.7279, 4.7300, 0.0021
4.7642, 4.7619, 0.0023
4.8023, 4.8002, 0.0021
4.8413, 4.8361, 0.0052
4.8801, 4.8778, 0.0023
4.9174, 4.9093, 0.0081
4.9523, 4.9393, 0.0130
4.9835, 4.9934, 0.0099
5.0103, 4.9913, 0.0190
5.0320, 5.0366, 0.0046
5.0483, 5.0408, 0.0075
5.0592, 5.0564, 0.0028
5.0649, 5.0692, 0.0043
5.0659, 5.0510, 0.0149
5.0633, 5.0668, 0.0035
5.0579, 5.0732, 0.0153
5.0507, 5.0548, 0.0041
5.0429, 5.0651, 0.0222
5.0353, 5.0421, 0.0068
5.0289, 5.0460, 0.0171
5.0243, 5.0323, 0.0080
5.0217, 5.0501, 0.0284
5.0212, 5.0292, 0.0080
5.0225, 5.0592, 0.0367
5.0251, 5.0351, 0.0100
5.0281, 5.0090, 0.0191
5.0306, 5.0498, 0.0192
5.0316, 5.0705, 0.0389
5.0300, 5.0698, 0.0398
5.0248, 5.0692, 0.0444
5.0153, 5.0848, 0.0695
5.0010, 5.0622, 0.0612
4.9815, 5.0232, 0.0417
4.9569, 4.9752, 0.0183
4.9276, 4.9462, 0.0186
4.8943, 4.9162, 0.0219
4.8580, 4.8666, 0.0086
4.8199, 4.8280, 0.0081
4.7812, 4.7748, 0.0064
4.7431, 4.7544, 0.0113
4.7069, 4.7006, 0.0063
4.6732, 4.6853, 0.0121
4.6425, 4.6370, 0.0055
4.6148, 4.6166, 0.0018
4.5894, 4.5811, 0.0083
4.5652, 4.5626, 0.0026
4.5404, 4.5521, 0.0117
4.5129, 4.5459, 0.0330
4.4801, 4.5187, 0.0386
4.4393, 4.4665, 0.0272
4.3877, 4.4247, 0.0370
4.3227, 4.3785, 0.0558
4.2423, 4.2512, 0.0089
4.1447, 4.1693, 0.0246
4.0294, 4.0357, 0.0063
3.8966, 3.9330, 0.0364
3.7474, 3.7478, 0.0004
3.5844, 3.6415, 0.0571
3.4111, 3.4031, 0.0080
3.2319, 3.3101, 0.0782
3.0523, 3.0354, 0.0169
2.8781, 2.9320, 0.0539
2.7158, 2.6907, 0.0251
2.5715, 2.6255, 0.0540
2.4512, 2.4766, 0.0254
2.3602, 2.3948, 0.0346
2.3031, 2.3197, 0.0166
2.2830, 2.2107, 0.0723
2.3017, 2.3168, 0.0151
2.3595, 2.3024, 0.0571
2.4551, 2.4852, 0.0301
2.5858, 2.4157, 0.1701
2.7475, 2.7234, 0.0241
2.9350, 3.0632, 0.1282
3.1422, 3.0399, 0.1023
3.3623, 3.0441, 0.3182
3.5885, 3.3734, 0.2151
3.8139, 3.7156, 0.0983
4.0323, 4.1320, 0.0997
4.2380, 3.9831, 0.2549
4.4263, 4.3823, 0.0440
4.5936, 4.5144, 0.0792
4.7378, 4.6911, 0.0467
4.8576, 4.8812, 0.0236
4.9534, 4.9688, 0.0154
5.0264, 5.0535, 0.0271
5.0788, 5.0977, 0.0189
5.1135, 5.1420, 0.0285
5.1340, 5.1466, 0.0126
5.1439, 4.8161, 0.3278
5.1467, 5.1513, 0.0046
5.1460, 5.1298, 0.0162
5.1448, 5.1427, 0.0021
5.1453, 5.0983, 0.0470
5.1494, 5.1258, 0.0236
5.1581, 5.0750, 0.0831
5.1718, 5.1092, 0.0626
5.1902, 5.0283, 0.1619
5.2124, 5.0971, 0.1153
5.2372, 5.1606, 0.0766
5.2632, 5.2597, 0.0035
5.2888, 5.2833, 0.0055
5.3125, 5.3069, 0.0056
5.3329, 5.3282, 0.0047
5.3491, 5.3503, 0.0012
5.3605, 5.3638, 0.0033
5.3670, 5.3700, 0.0030
5.3687, 5.3830, 0.0143
5.3666, 5.3735, 0.0069
5.3617, 5.3608, 0.0009
5.3552, 5.3770, 0.0218
5.3487, 5.3716, 0.0229
5.3435, 5.3403, 0.0032
5.3409, 5.3618, 0.0209
5.3419, 5.3111, 0.0308
5.3469, 5.3179, 0.0290
5.3559, 5.2934, 0.0625
5.3683, 5.2976, 0.0707
5.3828, 5.3894, 0.0066
5.3977, 5.3789, 0.0188
5.4106, 5.4212, 0.0106
5.4190, 5.4264, 0.0074
5.4202, 5.4271, 0.0069
5.4113, 5.4325, 0.0212
5.3898, 5.4310, 0.0412
5.3533, 5.4206, 0.0673
5.3002, 5.4273, 0.1271
5.2294, 5.2471, 0.0177
5.1408, 5.1649, 0.0241
5.0346, 5.0463, 0.0117
4.9123, 4.9491, 0.0368
4.7761, 4.7979, 0.0218
4.6286, 4.6827, 0.0541
4.4732, 4.4851, 0.0119
4.3134, 4.3015, 0.0119
4.1529, 4.1524, 0.0005
3.9949, 3.9685, 0.0264
3.8426, 3.8234, 0.0192
3.6982, 3.6732, 0.0250
3.5632, 3.5768, 0.0136
3.4382, 3.4321, 0.0061
3.3227, 3.3183, 0.0044
3.2151, 3.1945, 0.0206
3.1131, 3.0916, 0.0215
3.0138, 3.1558, 0.1420
2.9136, 2.9544, 0.0408
2.8087, 2.9201, 0.1114
2.6955, 2.7714, 0.0759
2.5707, 2.6626, 0.0919
2.4315, 2.5366, 0.1051
2.2765, 2.2872, 0.0107
2.1051, 2.1271, 0.0220
1.9179, 1.9280, 0.0101
1.7170, 1.7352, 0.0182
1.5056, 1.5103, 0.0047
1.2882, 1.3196, 0.0314
1.0699, 1.0978, 0.0279
0.8567, 0.8756, 0.0189
0.6546, 0.6636, 0.0090
0.4696, 0.4592, 0.0104
0.3069, 0.2703, 0.0366
0.1708, 0.1074, 0.0634
0.0647, -0.0466, 0.1113
-0.0101, -0.1504, 0.1403
-0.0534, -0.0008, 0.0526
-0.0672, -0.0443, 0.0229
-0.0549, -0.1157, 0.0608
-0.0214, 0.0933, 0.1147
0.0273, -0.0942, 0.1215
0.0844, 0.1768, 0.0924
0.1424, 0.1689, 0.0265
0.1945, 0.2782, 0.0837
0.2338, 0.3168, 0.0830
0.2547, 0.5105, 0.2558
0.2531, 0.4438, 0.1907
0.2261, 0.1611, 0.0650
0.1729, 0.1431, 0.0298
0.0945, 0.1250, 0.0305
-0.0065, 0.0522, 0.0587
-0.1257, 0.0380, 0.1637
-0.2575, -0.1294, 0.1281
-0.3955, -0.5963, 0.2008
-0.5325, -0.6489, 0.1164
-0.6617, -0.6340, 0.0277
-0.7766, -0.8824, 0.1058
-0.8717, -0.9337, 0.0620
-0.9427, -0.9475, 0.0048
-0.9872, -0.9786, 0.0086
-1.0042, -0.9807, 0.0235
-0.9949, -1.0653, 0.0704
-0.9621, -0.9443, 0.0178
-0.9102, -1.0301, 0.1199
-0.8446, -0.7587, 0.0859
-0.7719, -0.7671, 0.0048
-0.6987, -0.7671, 0.0684
-0.6317, -0.5572, 0.0745
-0.5769, -0.4094, 0.1675
-0.5396, -0.5816, 0.0420
-0.5232, -0.3802, 0.1430
-0.5297, -0.4534, 0.0763
-0.5595, -0.5016, 0.0579
-0.6108, -0.6448, 0.0340
-0.6802, -0.6639, 0.0163
-0.7631, -0.7105, 0.0526
-0.8534, -1.1218, 0.2684
-0.9442, -0.7905, 0.1537
-1.0284, -1.1250, 0.0966
-1.0992, -1.0699, 0.0293
-1.1503, -1.1465, 0.0038
-1.1768, -1.2248, 0.0480
-1.1749, -1.1597, 0.0152
-1.1431, -1.2120, 0.0689
-1.0815, -1.1702, 0.0887
-0.9922, -0.7625, 0.2297
-0.8793, -0.7137, 0.1656
-0.7484, -0.7249, 0.0235
-0.6064, -0.9318, 0.3254
-0.4609, -0.3956, 0.0653
-0.3200, -0.3211, 0.0011
-0.1913, -0.2309, 0.0396
-0.0820, -0.0337, 0.0483
0.0020, -0.0429, 0.0449
0.0564, 0.0666, 0.0102
0.0787, 0.1637, 0.0850
0.0683, 0.0936, 0.0253
0.0267, 0.0778, 0.0511
-0.0427, 0.0442, 0.0869
-0.1344, 0.0125, 0.1469
-0.2421, -0.0509, 0.1912
-0.3580, -0.2057, 0.1523
-0.4740, -0.6310, 0.1570
-0.5820, -0.4035, 0.1785
-0.6746, -0.5779, 0.0967
-0.7449, -0.8571, 0.1122
-0.7880, -0.6878, 0.1002
-0.8003, -1.0973, 0.2970
-0.7803, -0.7409, 0.0394
-0.7284, -1.0996, 0.3712
-0.6469, -0.7101, 0.0632
-0.5400, -0.5902, 0.0502
-0.4130, -0.6259, 0.2129
-0.2723, -0.1926, 0.0797
-0.1252, -0.4373, 0.3121
0.0215, 0.2504, 0.2289
0.1607, 0.1124, 0.0483
0.2867, 0.2606, 0.0261
0.3947, 0.4058, 0.0111
0.4813, 0.4374, 0.0439
0.5448, 0.5515, 0.0067
0.5853, 0.5131, 0.0722
0.6043, 0.6018, 0.0025
0.6049, 0.6702, 0.0653
0.5914, 0.5663, 0.0251
0.5690, 0.3664, 0.2026
0.5433, 0.4599, 0.0834
0.5198, 0.3947, 0.1251
0.5038, 0.4385, 0.0653
0.4998, 0.6931, 0.1933
0.5108, 0.4680, 0.0428
0.5389, 0.5064, 0.0325
0.5844, 0.6024, 0.0180
0.6462, 0.5833, 0.0629
0.7215, 0.7339, 0.0124
0.8065, 0.7430, 0.0635
0.8963, 0.8539, 0.0424
0.9851, 0.9424, 0.0427
1.0673, 0.9313, 0.1360
1.1370, 1.1378, 0.0008
1.1890, 0.6617, 0.5273
1.2192, 1.2503, 0.0311
1.2245, 1.2315, 0.0070
1.2034, 1.1610, 0.0424
1.1556, 1.1676, 0.0120
1.0828, 1.2145, 0.1317
0.9879, 0.9984, 0.0105
0.8751, 1.0604, 0.1853
0.7500, 0.9486, 0.1986
0.6184, 0.5542, 0.0642
0.4867, 0.4781, 0.0086
0.3610, 0.3788, 0.0178
0.2469, 0.2520, 0.0051
0.1491, 0.1676, 0.0185
0.0709, 0.0937, 0.0228
0.0142, 0.0391, 0.0249
-0.0206, 0.0125, 0.0331
-0.0352, -0.0385, 0.0033
-0.0323, 0.0459, 0.0782
-0.0162, 0.0248, 0.0410
0.0079, 0.0221, 0.0142
0.0340, 0.2104, 0.1764
0.0562, 0.2020, 0.1458
0.0685, 0.3802, 0.3117
0.0658, 0.4121, 0.3463
0.0441, 0.2467, 0.2026
0.0005, 0.0880, 0.0875
-0.0659, 0.1185, 0.1844
-0.1544, -0.0786, 0.0758
-0.2626, -0.2088, 0.0538
-0.3865, -0.3184, 0.0681
-0.5204, -0.4532, 0.0672
-0.6578, -0.5596, 0.0982
-0.7912, -0.7799, 0.0113
-0.9132, -0.9529, 0.0397
-1.0164, -1.0666, 0.0502
-1.0941, -1.2025, 0.1084
-1.1407, -1.2255, 0.0848
-1.1523, -1.1706, 0.0183
-1.1264, -1.2482, 0.1218
-1.0628, -1.1501, 0.0873
-0.9627, -1.1407, 0.1780
-0.8296, -0.9142, 0.0846
-0.6682, -0.9271, 0.2589
-0.4847, -0.7911, 0.3064
-0.2858, -0.1501, 0.1357
-0.0792, -0.2747, 0.1955
0.1280, -0.0620, 0.1900
0.3288, 0.2958, 0.0330
0.5169, 0.4667, 0.0502
0.6876, 0.6054, 0.0822
0.8374, 0.8674, 0.0300
0.9643, 1.0091, 0.0448
1.0682, 1.1135, 0.0453
1.1501, 1.2103, 0.0602
1.2129, 1.2033, 0.0096
1.2601, 1.2796, 0.0195
1.2964, 1.3004, 0.0040
1.3267, 1.3505, 0.0238
1.3560, 1.3512, 0.0048
1.3888, 1.4152, 0.0264
1.4292, 1.3883, 0.0409
1.4800, 1.4256, 0.0544
1.5429, 1.3823, 0.1606
1.6184, 1.5840, 0.0344
1.7054, 1.6586, 0.0468
1.8017, 1.7540, 0.0477
1.9040, 1.8554, 0.0486
2.0083, 1.9562, 0.0521
2.1100, 2.0731, 0.0369
2.2043, 2.1711, 0.0332
2.2867, 2.3397, 0.0530
2.3532, 2.4147, 0.0615
2.4006, 2.4724, 0.0718
2.4269, 2.5115, 0.0846
2.4315, 2.5144, 0.0829
2.4150, 2.4701, 0.0551
2.3794, 2.4670, 0.0876
2.3280, 2.4345, 0.1065
2.2651, 2.4336, 0.1685
2.1960, 2.0309, 0.1651
2.1264, 2.1656, 0.0392
2.0620, 2.3209, 0.2589
2.0085, 1.9076, 0.1009
1.9709, 2.0189, 0.0480
1.9532, 2.0555, 0.1023
1.9584, 1.9313, 0.0271
1.9879, 2.0606, 0.0727
2.0419, 1.9198, 0.1221
2.1188, 2.1498, 0.0310
2.2157, 2.1799, 0.0358
2.3287, 2.2111, 0.1176
2.4528, 2.3094, 0.1434
2.5823, 2.4697, 0.1126
2.7111, 2.7345, 0.0234
2.8334, 2.8668, 0.0334
2.9437, 2.9734, 0.0297
3.0368, 3.0820, 0.0452
3.1088, 3.1572, 0.0484
3.1570, 3.2259, 0.0689
3.1795, 3.2161, 0.0366
3.1759, 3.2511, 0.0752
3.1470, 3.2078, 0.0608
3.0947, 3.1482, 0.0535
3.0216, 3.0529, 0.0313
2.9311, 2.9960, 0.0649
2.8270, 3.0343, 0.2073
2.7131, 2.8651, 0.1520
2.5928, 3.0601, 0.4673
2.4693, 2.5381, 0.0688
2.3448, 2.3750, 0.0302
2.2208, 2.2071, 0.0137
2.0980, 2.3440, 0.2460
1.9758, 2.1116, 0.1358
1.8531, 1.8547, 0.0016
1.7279, 1.7572, 0.0293
1.5978, 1.6714, 0.0736
1.4604, 1.5254, 0.0650
1.3129, 1.4504, 0.1375
1.1534, 1.2364, 0.0830
0.9802, 1.0967, 0.1165
0.7930, 0.8784, 0.0854
0.5921, 0.6987, 0.1066
0.3794, 0.4674, 0.0880
0.1576, 0.1492, 0.0084
-0.0691, -0.1225, 0.0534
-0.2958, -0.3125, 0.0167
-0.5165, -0.6325, 0.1160
-0.7251, -0.7480, 0.0229
-0.9152, -0.9653, 0.0501
-1.0805, -1.1102, 0.0297
-1.2158, -1.2786, 0.0628
-1.3168, -1.3517, 0.0349
-1.3805, -1.3973, 0.0168
-1.4058, -1.4617, 0.0559
-1.3931, -1.4208, 0.0277
-1.3450, -1.4497, 0.1047
-1.2658, -1.4356, 0.1698
-1.1613, -1.2394, 0.0781
-1.0386, -1.2455, 0.2069
-0.9059, -1.1206, 0.2147
-0.7717, -0.9883, 0.2166
-0.6448, -0.4686, 0.1762
-0.5333, -0.5203, 0.0130
-0.4443, -0.1971, 0.2472
-0.3837, -0.4311, 0.0474
-0.3554, -0.0129, 0.3425
-0.3617, -0.4382, 0.0765
-0.4027, -0.2004, 0.2023
-0.4764, -0.5217, 0.0453
-0.5789, -0.0833, 0.4956
-0.7046, -0.6401, 0.0645
-0.8468, -0.5615, 0.2853
-0.9977, -0.7883, 0.2094
-1.1493, -1.3270, 0.1777
-1.2937, -1.4372, 0.1435
-1.4236, -1.5848, 0.1612
-1.5330, -1.5835, 0.0505
-1.6173, -1.5672, 0.0501
-1.6737, -1.7740, 0.1003
-1.7013, -1.7101, 0.0088
-1.7011, -1.6798, 0.0213
-1.6761, -1.6816, 0.0055
-1.6307, -1.7421, 0.1114
-1.5705, -1.5810, 0.0105
-1.5020, -1.4366, 0.0654
-1.4321, -1.4530, 0.0209
-1.3675, -1.5905, 0.2230
-1.3141, -1.0654, 0.2487
-1.2770, -0.9917, 0.2853
-1.2596, -1.2495, 0.0101
-1.2636, -1.0656, 0.1980
-1.2890, -1.2773, 0.0117
-1.3339, -1.3020, 0.0319
-1.3945, -1.3068, 0.0877
-1.4657, -1.4864, 0.0207
-1.5409, -1.5616, 0.0207
-1.6129, -1.7821, 0.1692
-1.6737, -1.7233, 0.0496
-1.7161, -1.7786, 0.0625
-1.7330, -1.7536, 0.0206
-1.7184, -1.7892, 0.0708
-1.6678, -1.7714, 0.1036
-1.5780, -1.7542, 0.1762
-1.4481, -1.7019, 0.2538
-1.2786, -1.6083, 0.3297
-1.0721, -1.3369, 0.2648
-0.8328, -0.8656, 0.0328
-0.5659, -0.5068, 0.0591
-0.2781, -0.3433, 0.0652
0.0236, -0.0472, 0.0708
0.3318, 0.2305, 0.1013
0.6395, 0.5511, 0.0884
0.9399, 0.7911, 0.1488
1.2272, 1.1877, 0.0395
1.4969, 1.5016, 0.0047
1.7455, 1.6972, 0.0483
1.9708, 1.9483, 0.0225
2.1721, 2.1145, 0.0576
2.3499, 2.2729, 0.0770
2.5059, 2.5148, 0.0089
2.6426, 2.6127, 0.0299
2.7630, 2.7778, 0.0148
2.8707, 2.8075, 0.0632
2.9691, 2.8808, 0.0883
3.0616, 3.0283, 0.0333
3.1510, 3.1170, 0.0340
3.2395, 3.1997, 0.0398
3.3285, 3.2780, 0.0505
3.4187, 3.5138, 0.0951
3.5095, 3.4370, 0.0725
3.6000, 3.5801, 0.0199
3.6882, 3.6878, 0.0004
3.7720, 3.8911, 0.1191
3.8488, 3.8518, 0.0030
3.9155, 3.9242, 0.0087
3.9696, 3.9779, 0.0083
4.0086, 4.0275, 0.0189
4.0307, 4.0445, 0.0138
4.0345, 4.0635, 0.0290
4.0193, 4.0381, 0.0188
3.9851, 4.0377, 0.0526
3.9328, 3.9899, 0.0571
3.8636, 4.0418, 0.1782
3.7798, 3.8799, 0.1001
3.6835, 3.9273, 0.2438
3.5773, 3.8996, 0.3223
3.4639, 3.4148, 0.0491
3.3455, 3.3935, 0.0480
3.2241, 3.1861, 0.0380
3.1010, 3.1218, 0.0208
2.9771, 2.9833, 0.0062
2.8524, 2.9081, 0.0557
2.7259, 2.7486, 0.0227
2.5964, 2.6336, 0.0372
2.4619, 2.5121, 0.0502
2.3202, 2.3199, 0.0003
2.1689, 2.2460, 0.0771
2.0059, 2.1167, 0.1108
1.8291, 1.8333, 0.0042
1.6373, 1.6414, 0.0041
1.4302, 1.4403, 0.0101
1.2083, 1.2161, 0.0078
0.9732, 0.9760, 0.0028
0.7277, 0.7436, 0.0159
0.4755, 0.4808, 0.0053
0.2212, 0.2067, 0.0145
-0.0295, -0.0631, 0.0336
-0.2710, -0.2923, 0.0213
-0.4973, -0.5444, 0.0471
-0.7025, -0.7310, 0.0285
-0.8816, -0.8506, 0.0310
-1.0305, -1.0632, 0.0327
-1.1461, -1.1206, 0.0255
-1.2270, -1.2173, 0.0097
-1.2734, -1.3183, 0.0449
-1.2868, -1.2589, 0.0279
-1.2710, -1.2289, 0.0421
-1.2307, -1.1263, 0.1044
-1.1720, -1.0957, 0.0763
-1.1016, -0.8643, 0.2373
-1.0270, -1.3247, 0.2977
-0.9554, -0.6869, 0.2685
-0.8937, -0.8291, 0.0646
-0.8479, -0.9067, 0.0588
-0.8226, -0.6888, 0.1338
-0.8211, -0.9469, 0.1258
-0.8446, -0.6293, 0.2153
-0.8928, -1.1026, 0.2098
-0.9634, -0.6673, 0.2961
-1.0525, -0.7192, 0.3333
-1.1546, -0.9703, 0.1843
-1.2635, -1.1105, 0.1530
-1.3719, -1.4031, 0.0312
-1.4727, -1.5455, 0.0728
-1.5590, -1.6084, 0.0494
-1.6246, -1.6196, 0.0050
-1.6646, -1.7096, 0.0450
-1.6759, -1.7699, 0.0940
-1.6569, -1.7375, 0.0806
-1.6080, -1.6771, 0.0691
-1.5319, -1.5500, 0.0181
-1.4327, -1.6310, 0.1983
-1.3162, -1.3030, 0.0132
-1.1892, -1.3824, 0.1932
-1.0597, -1.4639, 0.4042
-0.9353, -1.2953, 0.3600
-0.8239, -0.7884, 0.0355
-0.7323, -0.7090, 0.0233
-0.6661, -0.6289, 0.0372
-0.6294, -0.5929, 0.0365
-0.6244, -0.5522, 0.0722
-0.6512, -0.5593, 0.0919
-0.7081, -0.5894, 0.1187
-0.7914, -0.7834, 0.0080
-0.8958, -0.8307, 0.0651
-1.0145, -1.0043, 0.0102
-1.1399, -1.0247, 0.1152
-1.2643, -1.2683, 0.0040
-1.3798, -1.2555, 0.1243
-1.4794, -1.5300, 0.0506
-1.5570, -1.4082, 0.1488
-1.6081, -1.7536, 0.1455
-1.6300, -1.7370, 0.1070
-1.6221, -1.6707, 0.0486
-1.5855, -1.6705, 0.0850
-1.5235, -1.3460, 0.1775
-1.4409, -1.6558, 0.2149
-1.3436, -1.2068, 0.1368
-1.2386, -1.1961, 0.0425
-1.1334, -1.2147, 0.0813
-1.0352, -1.1823, 0.1471
-0.9509, -1.1144, 0.1635
-0.8860, -0.5754, 0.3106
-0.8448, -0.5899, 0.2549
-0.8299, -0.6312, 0.1987
-0.8421, -0.6527, 0.1894
-0.8801, -0.8693, 0.0108
-0.9409, -1.0819, 0.1410
-1.0199, -0.8405, 0.1794
-1.1109, -1.1246, 0.0137
-1.2071, -0.8984, 0.3087
-1.3009, -1.3192, 0.0183
-1.3847, -1.5700, 0.1853
-1.4513, -1.5446, 0.0933
-1.4944, -1.7663, 0.2719
-1.5089, -1.5395, 0.0306
-1.4910, -1.5338, 0.0428
-1.4389, -1.5950, 0.1561
-1.3525, -1.3810, 0.0285
-1.2331, -1.3865, 0.1534
-1.0840, -0.9431, 0.1409
-0.9095, -1.0639, 0.1544
-0.7150, -0.5840, 0.1310
-0.5069, -0.6882, 0.1813
-0.2915, -0.3011, 0.0096
-0.0752, -0.1004, 0.0252
0.1361, 0.1093, 0.0268
0.3372, 0.3080, 0.0292
0.5240, 0.4701, 0.0539
0.6935, 0.6624, 0.0311
0.8436, 0.8541, 0.0105
0.9738, 0.9866, 0.0128
1.0848, 1.0900, 0.0052
1.1779, 1.1940, 0.0161
1.2556, 1.2494, 0.0062
1.3210, 1.3181, 0.0029
1.3771, 1.3541, 0.0230
1.4275, 1.4322, 0.0047
1.4754, 1.4322, 0.0432
1.5237, 1.4832, 0.0405
1.5749, 1.6153, 0.0404
1.6306, 1.5994, 0.0312
1.6922, 1.6662, 0.0260
1.7600, 1.7041, 0.0559
1.8338, 1.8049, 0.0289
1.9131, 1.9059, 0.0072
1.9965, 2.0229, 0.0264
2.0827, 2.0765, 0.0062
2.1699, 2.1278, 0.0421
2.2566, 2.2327, 0.0239
2.3409, 2.3161, 0.0248
2.4214, 2.3872, 0.0342
2.4967, 2.4652, 0.0315
2.5658, 2.5216, 0.0442
2.6280, 2.6757, 0.0477
2.6826, 2.6872, 0.0046
2.7296, 2.6870, 0.0426
2.7688, 2.7748, 0.0060
2.8006, 2.7849, 0.0157
2.8250, 2.8315, 0.0065
2.8425, 2.8220, 0.0205
2.8531, 2.8595, 0.0064
2.8571, 2.8696, 0.0125
2.8544, 2.8825, 0.0281
2.8447, 2.8706, 0.0259
2.8277, 2.8720, 0.0443
2.8027, 2.8479, 0.0452
2.7690, 2.8608, 0.0918
2.7257, 2.8268, 0.1011
2.6721, 2.7131, 0.0410
2.6075, 2.6344, 0.0269
2.5310, 2.6518, 0.1208
2.4427, 2.5085, 0.0658
2.3425, 2.3730, 0.0305
2.2309, 2.3290, 0.0981
2.1091, 2.1526, 0.0435
1.9786, 1.9773, 0.0013
1.8415, 1.8939, 0.0524
1.7004, 1.7053, 0.0049
1.5582, 1.5676, 0.0094
1.4185, 1.4292, 0.0107
1.2849, 1.3057, 0.0208
1.1611, 1.1739, 0.0128
1.0507, 1.0575, 0.0068
0.9571, 0.9454, 0.0117
0.8831, 0.9239, 0.0408
0.8310, 0.8051, 0.0259
0.8025, 0.7467, 0.0558
0.7983, 0.7518, 0.0465
0.8182, 0.7690, 0.0492
0.8611, 0.8267, 0.0344
0.9253, 0.8785, 0.0468
1.0080, 0.8953, 0.1127
1.1060, 1.0155, 0.0905
1.2155, 1.1474, 0.0681
1.3324, 1.3899, 0.0575
1.4526, 1.3107, 0.1419
1.5724, 1.5750, 0.0026
1.6878, 1.4598, 0.2280
1.7957, 1.8765, 0.0808
1.8933, 2.0754, 0.1821
1.9789, 2.0093, 0.0304
2.0510, 2.0193, 0.0317
2.1093, 2.0927, 0.0166
2.1539, 2.1708, 0.0169
2.1856, 2.1582, 0.0274
2.2053, 2.2446, 0.0393
2.2146, 2.2288, 0.0142
2.2148, 2.2459, 0.0311
2.2074, 2.2198, 0.0124
2.1933, 2.2185, 0.0252
2.1731, 2.2145, 0.0414
2.1471, 2.1511, 0.0040
2.1146, 2.1107, 0.0039
2.0747, 2.1169, 0.0422
2.0256, 2.0836, 0.0580
1.9654, 2.1048, 0.1394
1.8918, 1.9241, 0.0323
1.8025, 1.8339, 0.0314
1.6954, 1.7504, 0.0550
1.5689, 1.5931, 0.0242
1.4218, 1.5444, 0.1226
1.2538, 1.3093, 0.0555
1.0657, 1.1202, 0.0545
0.8592, 0.8948, 0.0356
0.6371, 0.7036, 0.0665
0.4034, 0.4688, 0.0654
0.1629, 0.2101, 0.0472
-0.0790, 0.0275, 0.1065
-0.3163, -0.2304, 0.0859
-0.5429, -0.4834, 0.0595
-0.7528, -0.7897, 0.0369
-0.9407, -0.8724, 0.0683
-1.1018, -1.0679, 0.0339
-1.2329, -1.1597, 0.0732
-1.3316, -1.3234, 0.0082
-1.3973, -1.4182, 0.0209
-1.4307, -1.4044, 0.0263
-1.4342, -1.4449, 0.0107
-1.4113, -1.3258, 0.0855
-1.3667, -1.2958, 0.0709
-1.3057, -1.3336, 0.0279
-1.2343, -1.0594, 0.1749
-1.1585, -1.2012, 0.0427
-1.0839, -0.9992, 0.0847
-1.0155, -1.0756, 0.0601
-0.9574, -0.8501, 0.1073
-0.9124, -1.0979, 0.1855
-0.8820, -0.9912, 0.1092
-0.8664, -1.0278, 0.1614
-0.8644, -1.1018, 0.2374
-0.8734, -0.9744, 0.1010
-0.8899, -1.0990, 0.2091
-0.9095, -1.0352, 0.1257
-0.9274, -1.0909, 0.1635
-0.9386, -1.0821, 0.1435
-0.9385, -1.0740, 0.1355
-0.9229, -1.0613, 0.1384
-0.8883, -1.2133, 0.3250
-0.8326, -0.9199, 0.0873
-0.7547, -0.8609, 0.1062
-0.6547, -0.6667, 0.0120
-0.5342, -0.6244, 0.0902
-0.3959, -0.4460, 0.0501
-0.2433, -0.3075, 0.0642
-0.0809, -0.1777, 0.0968
0.0865, -0.0079, 0.0944
0.2535, 0.2504, 0.0031
0.4154, 0.4287, 0.0133
0.5675, 0.5874, 0.0199
0.7059, 0.7285, 0.0226
0.8277, 0.8513, 0.0236
0.9310, 0.9637, 0.0327
1.0150, 1.0035, 0.0115
1.0802, 1.1039, 0.0237
1.1281, 1.1618, 0.0337
1.1615, 1.1729, 0.0114
1.1837, 1.1861, 0.0024
1.1988, 1.2047, 0.0059
1.2115, 1.2022, 0.0093
1.2265, 1.2171, 0.0094
1.2481, 1.2137, 0.0344
1.2805, 1.2451, 0.0354
1.3270, 1.2794, 0.0476
1.3903, 1.3108, 0.0795
1.4719, 1.4598, 0.0121
1.5725, 1.5132, 0.0593
1.6915, 1.6545, 0.0370
1.8274, 1.7458, 0.0816
1.9778, 1.9119, 0.0659
2.1396, 2.0521, 0.0875
2.3091, 2.2137, 0.0954
2.4823, 2.4302, 0.0521
2.6550, 2.5937, 0.0613
2.8231, 2.7675, 0.0556
2.9827, 2.9935, 0.0108
3.1305, 3.0973, 0.0332
3.2636, 3.2814, 0.0178
3.3795, 3.3832, 0.0037
3.4766, 3.4979, 0.0213
3.5538, 3.5522, 0.0016
3.6106, 3.6308, 0.0202
3.6470, 3.6477, 0.0007
3.6634, 3.7058, 0.0424
3.6602, 3.7031, 0.0429
3.6381, 3.7114, 0.0733
3.5974, 3.6803, 0.0829
3.5385, 3.5647, 0.0262
3.4614, 3.5517, 0.0903
3.3658, 3.4963, 0.1305
3.2509, 3.4436, 0.1927
3.1157, 2.9997, 0.1160
2.9591, 3.1420, 0.1829
2.7800, 2.8370, 0.0570
2.5772, 2.8747, 0.2975
2.3499, 2.4919, 0.1420
2.0977, 2.0755, 0.0222
1.8210, 1.8755, 0.0545
1.5211, 1.5649, 0.0438
1.2001, 1.3146, 0.1145
0.8612, 0.9225, 0.0613
0.5086, 0.4899, 0.0187
0.1474, 0.2354, 0.0880
-0.2163, -0.2875, 0.0712
-0.5760, -0.5946, 0.0186
-0.9246, -0.8350, 0.0896
-1.2552, -1.1623, 0.0929
-1.5612, -1.4500, 0.1112
-1.8366, -1.7681, 0.0685
-2.0766, -1.9817, 0.0949
-2.2774, -2.1835, 0.0939
-2.4372, -2.4225, 0.0147
-2.5557, -2.4611, 0.0946
-2.6345, -2.5798, 0.0547
-2.6768, -2.7203, 0.0435
-2.6877, -2.6543, 0.0334
-2.6732, -2.7370, 0.0638
-2.6406, -2.5206, 0.1200
-2.5976, -2.7282, 0.1306
-2.5519, -2.3086, 0.2433
-2.5110, -2.6494, 0.1384
-2.4814, -2.1163, 0.3651
-2.4685, -2.7490, 0.2805
-2.4760, -2.8068, 0.3308
-2.5061, -2.7977, 0.2916
-2.5589, -2.5220, 0.0369
-2.6326, -2.9517, 0.3191
-2.7239, -2.6389, 0.0850
-2.8276, -2.6808, 0.1468
-2.9376, -2.9208, 0.0168
-3.0470, -3.0209, 0.0261
-3.1486, -3.1443, 0.0043
-3.2354, -3.3338, 0.0984
-3.3009, -3.3550, 0.0541
-3.3398, -3.4351, 0.0953
-3.3481, -3.4085, 0.0604
-3.3234, -3.4053, 0.0819
-3.2650, -3.3416, 0.0766
-3.1742, -3.2251, 0.0509
-3.0537, -3.0875, 0.0338
-2.9078, -3.0015, 0.0937
-2.7417, -2.7140, 0.0277
-2.5621, -2.8278, 0.2657
-2.3752, -2.4714, 0.0962
-2.1878, -2.2152, 0.0274
-2.0058, -1.9615, 0.0443
-1.8348, -1.8794, 0.0446
-1.6788, -1.5981, 0.0807
-1.5409, -1.5007, 0.0402
-1.4227, -1.4655, 0.0428
-1.3242, -1.2870, 0.0372
-1.2446, -1.2186, 0.0260
-1.1813, -1.1872, 0.0059
-1.1312, -1.1202, 0.0110
-1.0905, -1.0979, 0.0074
-1.0550, -1.0406, 0.0144
-1.0206, -1.0279, 0.0073
-0.9837, -0.9657, 0.0180
-0.9413, -0.9461, 0.0048
-0.8912, -0.9555, 0.0643
-0.8326, -0.8325, 0.0001
-0.7657, -0.8037, 0.0380
-0.6919, -0.7040, 0.0121
-0.6138, -0.6306, 0.0168
-0.5347, -0.5418, 0.0071
-0.4588, -0.4578, 0.0010
-0.3905, -0.3819, 0.0086
-0.3344, -0.3351, 0.0007
-0.2950, -0.2605, 0.0345
-0.2760, -0.2553, 0.0207
-0.2805, -0.2136, 0.0669
-0.3104, -0.2564, 0.0540
-0.3667, -0.2583, 0.1084
-0.4488, -0.2742, 0.1746
-0.5552, -0.2907, 0.2645
-0.6832, -0.5491, 0.1341
-0.8287, -0.5283, 0.3004
-0.9873, -0.9050, 0.0823
-1.1539, -1.1272, 0.0267
-1.3232, -1.2950, 0.0282
-1.4900, -1.4279, 0.0621
-1.6498, -1.6768, 0.0270
-1.7987, -1.7174, 0.0813
-1.9339, -1.9312, 0.0027
-2.0537, -1.9836, 0.0701
-2.1580, -2.2199, 0.0619
-2.2477, -2.1689, 0.0788
-2.3249, -2.3189, 0.0060
-2.3930, -2.3044, 0.0886
-2.4558, -2.5264, 0.0706
-2.5177, -2.6171, 0.0994
-2.5830, -2.2341, 0.3489
-2.6560, -2.5117, 0.1443
-2.7399, -2.6096, 0.1303
-2.8374, -2.7337, 0.1037
-2.9498, -2.8563, 0.0935
-3.0770, -2.9693, 0.1077
-3.2177, -3.2076, 0.0101
-3.3691, -3.3512, 0.0179
-3.5269, -3.5230, 0.0039
-3.6863, -3.6825, 0.0038
-3.8414, -3.8466, 0.0052
-3.9863, -4.0235, 0.0372
-4.1148, -4.1560, 0.0412
-4.2211, -4.2820, 0.0609
-4.3007, -4.3593, 0.0586
-4.3499, -4.3985, 0.0486
-4.3664, -4.4025, 0.0361
-4.3496, -4.4060, 0.0564
-4.3005, -4.3757, 0.0752
-4.2215, -4.2982, 0.0767
-4.1167, -4.0823, 0.0344
-3.9909, -4.1492, 0.1583
-3.8501, -3.7807, 0.0694
-3.7002, -3.6958, 0.0044
-3.5477, -3.4184, 0.1293
-3.3984, -3.3816, 0.0168
-3.2574, -3.2984, 0.0410
-3.1287, -3.1423, 0.0136
-3.0151, -3.0891, 0.0740
-2.9177, -2.9130, 0.0047
-2.8365, -2.8682, 0.0317
-2.7696, -2.7856, 0.0160
-2.7139, -2.7707, 0.0568
-2.6657, -2.6081, 0.0576
-2.6201, -2.6614, 0.0413
-2.5718, -2.6774, 0.1056
-2.5155, -2.5716, 0.0561
-2.4462, -2.4937, 0.0475
-2.3596, -2.4009, 0.0413
-2.2522, -2.3237, 0.0715
-2.1216, -2.1884, 0.0668
-1.9669, -2.0345, 0.0676
-1.7884, -1.8027, 0.0143
-1.5877, -1.6500, 0.0623
-1.3678, -1.4315, 0.0637
-1.1324, -1.2048, 0.0724
-0.8863, -0.9640, 0.0777
-0.6344, -0.7117, 0.0773
-0.3823, -0.4692, 0.0869
-0.1351, -0.1275, 0.0076
0.1022, 0.1198, 0.0176
0.3252, 0.3327, 0.0075
0.5304, 0.5545, 0.0241
0.7150, 0.7130, 0.0020
0.8771, 0.9043, 0.0272
1.0155, 0.9993, 0.0162
1.1300, 1.1457, 0.0157
1.2211, 1.1877, 0.0334
1.2898, 1.3152, 0.0254
1.3373, 1.3531, 0.0158
1.3652, 1.4143, 0.0491
1.3749, 1.4102, 0.0353
1.3675, 1.4452, 0.0777
1.3441, 1.3402, 0.0039
1.3049, 1.4616, 0.1567
1.2500, 1.2197, 0.0303
1.1787, 1.4728, 0.2941
1.0901, 0.9959, 0.0942
0.9828, 1.0878, 0.1050
0.8554, 1.0082, 0.1528
0.7065, 0.7709, 0.0644
0.5349, 0.5342, 0.0007
0.3399, 0.4412, 0.1013
0.1216, 0.0886, 0.0330
-0.1194, -0.3708, 0.2514
-0.3813, -0.4360, 0.0547
-0.6612, -0.6672, 0.0060
-0.9554, -0.8575, 0.0979
-1.2590, -1.2760, 0.0170
-1.5665, -1.6080, 0.0415
-1.8716, -1.9033, 0.0317
-2.1673, -2.1271, 0.0402
-2.4470, -2.4957, 0.0487
-2.7040, -2.6805, 0.0235
-2.9321, -2.9981, 0.0660
-3.1260, -3.1027, 0.0233
-3.2816, -3.2448, 0.0368
-3.3963, -3.3685, 0.0278
-3.4689, -3.4058, 0.0631
-3.5000, -3.4737, 0.0263
-3.4920, -3.5332, 0.0412
-3.4487, -3.4345, 0.0142
-3.3755, -3.4885, 0.1130
-3.2789, -3.2794, 0.0005
-3.1659, -3.1864, 0.0205
-3.0443, -3.1172, 0.0729
-2.9215, -2.9391, 0.0176
-2.8046, -3.0315, 0.2269
-2.7000, -2.7594, 0.0594
-2.6129, -2.7532, 0.1403
-2.5468, -2.6782, 0.1314
-2.5038, -2.7190, 0.2152
-2.4844, -2.7175, 0.2331
-2.4874, -2.8060, 0.3186
-2.5102, -2.5895, 0.0793
-2.5486, -2.7617, 0.2131
-2.5978, -2.5305, 0.0673
-2.6520, -2.7736, 0.1216
-2.7057, -2.9632, 0.2575
-2.7531, -2.8710, 0.1179
-2.7894, -3.1064, 0.3170
-2.8104, -2.5833, 0.2271
-2.8135, -2.8443, 0.0308
-2.7971, -2.8506, 0.0535
-2.7614, -2.8798, 0.1184
-2.7078, -2.5290, 0.1788
-2.6394, -2.6009, 0.0385
-2.5601, -2.6815, 0.1214
-2.4747, -2.3831, 0.0916
-2.3885, -2.3866, 0.0019
-2.3070, -2.1510, 0.1560
-2.2354, -2.1898, 0.0456
-2.1779, -2.1530, 0.0249
-2.1382, -2.0777, 0.0605
-2.1183, -2.0676, 0.0507
-2.1190, -2.0893, 0.0297
-2.1396, -2.1641, 0.0245
-2.1779, -2.1471, 0.0308
-2.2302, -2.2994, 0.0692
-2.2918, -2.2363, 0.0555
-2.3572, -2.4535, 0.0963
-2.4200, -2.3830, 0.0370
-2.4741, -2.5440, 0.0699
-2.5133, -2.6177, 0.1044
-2.5321, -2.7170, 0.1849
-2.5258, -2.6365, 0.1107
-2.4911, -2.5427, 0.0516
-2.4259, -2.4079, 0.0180
-2.3296, -2.5497, 0.2201
-2.2033, -2.3411, 0.1378
-2.0491, -2.1375, 0.0884
-1.8707, -1.8354, 0.0353
-1.6727, -1.6211, 0.0516
-1.4603, -1.4608, 0.0005
-1.2392, -1.2902, 0.0510
-1.0154, -1.0123, 0.0031
-0.7945, -0.8543, 0.0598
-0.5817, -0.5745, 0.0072
-0.3812, -0.4571, 0.0759
-0.1966, -0.1853, 0.0113
-0.0306, -0.1471, 0.1165
0.1153, 0.1152, 0.0001
0.2407, 0.2180, 0.0227
0.3459, 0.3122, 0.0337
0.4322, 0.4225, 0.0097
0.5014, 0.3948, 0.1066
0.5556, 0.5369, 0.0187
0.5972, 0.5775, 0.0197
0.6286, 0.6482, 0.0196
0.6518, 0.6365, 0.0153
0.6685, 0.7055, 0.0370
0.6799, 0.6391, 0.0408
0.6866, 0.7423, 0.0557
0.6885, 0.5527, 0.1358
0.6850, 0.7822, 0.0972
0.6750, 0.6973, 0.0223
0.6572, 0.6760, 0.0188
0.6300, 0.7064, 0.0764
0.5919, 0.5430, 0.0489
0.5415, 0.3920, 0.1495
0.4778, 0.4002, 0.0776
0.4004, 0.5570, 0.1566
0.3095, 0.2522, 0.0573
0.2058, 0.1914, 0.0144
0.0910, 0.0649, 0.0261
-0.0328, -0.1429, 0.1101
-0.1629, -0.1352, 0.0277
-0.2961, -0.3015, 0.0054
-0.4289, -0.4730, 0.0441
-0.5580, -0.5572, 0.0008
-0.6799, -0.6919, 0.0120
-0.7918, -0.8366, 0.0448
-0.8914, -0.9114, 0.0200
-0.9772, -0.9870, 0.0098
-1.0487, -1.0790, 0.0303
-1.1061, -1.1291, 0.0230
-1.1508, -1.1535, 0.0027
-1.1852, -1.2273, 0.0421
-1.2124, -1.1871, 0.0253
-1.2359, -1.1538, 0.0821
-1.2598, -1.2149, 0.0449
-1.2882, -1.2550, 0.0332
-1.3250, -1.1936, 0.1314
-1.3737, -1.2934, 0.0803
-1.4368, -1.4223, 0.0145
-1.5162, -1.2989, 0.2173
-1.6124, -1.5957, 0.0167
-1.7247, -1.6922, 0.0325
-1.8515, -1.8374, 0.0141
-1.9899, -1.9605, 0.0294
-2.1359, -2.1292, 0.0067
-2.2846, -2.2361, 0.0485
-2.4308, -2.4345, 0.0037
-2.5691, -2.5071, 0.0620
-2.6939, -2.7081, 0.0142
-2.8006, -2.9320, 0.1314
-2.8849, -2.9071, 0.0222
-2.9437, -2.9652, 0.0215
-2.9753, -3.0216, 0.0463
-2.9792, -2.9919, 0.0127
-2.9565, -3.0142, 0.0577
-2.9095, -2.9185, 0.0090
-2.8419, -3.0014, 0.1595
-2.7585, -2.7423, 0.0162
-2.6646, -2.6586, 0.0060
-2.5660, -2.4689, 0.0971
-2.4687, -2.3857, 0.0830
-2.3781, -2.1309, 0.2472
-2.2989, -2.1209, 0.1780
-2.2351, -2.2669, 0.0318
-2.1890, -2.0524, 0.1366
-2.1619, -2.2033, 0.0414
-2.1533, -2.1322, 0.0211
-2.1614, -2.1603, 0.0011
-2.1832, -2.0647, 0.1185
-2.2140, -2.1764, 0.0376
-2.2485, -2.1940, 0.0545
-2.2808, -2.3594, 0.0786
-2.3048, -2.3718, 0.0670
-2.3145, -2.6202, 0.3057
-2.3041, -2.2337, 0.0704
-2.2689, -2.4184, 0.1495
-2.2051, -2.1548, 0.0503
-2.1101, -2.1287, 0.0186
-1.9827, -2.0547, 0.0720
-1.8232, -1.9484, 0.1252
-1.6332, -1.7850, 0.1518
-1.4156, -1.4515, 0.0359
-1.1743, -1.2976, 0.1233
-0.9141, -1.0093, 0.0952
-0.6405, -0.6257, 0.0148
-0.3589, -0.3968, 0.0379
-0.0754, -0.0479, 0.0275
0.2047, 0.1322, 0.0725
0.4760, 0.4249, 0.0511
0.7339, 0.6490, 0.0849
0.9745, 0.9122, 0.0623
1.1944, 1.1669, 0.0275
1.3911, 1.3811, 0.0100
1.5631, 1.5597, 0.0034
1.7092, 1.6880, 0.0212
1.8291, 1.8388, 0.0097
1.9228, 1.8925, 0.0303
1.9908, 2.0245, 0.0337
2.0337, 2.0429, 0.0092
2.0524, 2.1192, 0.0668
2.0478, 2.0645, 0.0167
2.0207, 2.1244, 0.1037
1.9716, 2.0137, 0.0421
1.9013, 2.0504, 0.1491
1.8101, 1.8803, 0.0702
1.6985, 1.7207, 0.0222
1.5670, 1.6369, 0.0699
1.4162, 1.5984, 0.1822
1.2468, 1.3378, 0.0910
1.0601, 1.0520, 0.0081
0.8575, 0.9319, 0.0744
0.6413, 0.5349, 0.1064
0.4138, 0.4273, 0.0135
0.1784, 0.2088, 0.0304
-0.0613, -0.0933, 0.0320
-0.3012, -0.2103, 0.0909
-0.5368, -0.5702, 0.0334
-0.7632, -0.6849, 0.0783
-0.9758, -1.0070, 0.0312
-1.1701, -1.1590, 0.0111
-1.3417, -1.3670, 0.0253
-1.4871, -1.4537, 0.0334
-1.6037, -1.5805, 0.0232
-1.6895, -1.6940, 0.0045
-1.7440, -1.7636, 0.0196
-1.7676, -1.9082, 0.1406
-1.7622, -1.7941, 0.0319
-1.7305, -1.6180, 0.1125
-1.6764, -1.6590, 0.0174
-1.6047, -1.5912, 0.0135
-1.5204, -1.5180, 0.0024
-1.4290, -1.4065, 0.0225
-1.3358, -1.3875, 0.0517
-1.2460, -1.2217, 0.0243
-1.1639, -1.3188, 0.1549
-1.0933, -1.0788, 0.0145
-1.0365, -1.3407, 0.3042
-0.9951, -1.0021, 0.0070
-0.9694, -1.1172, 0.1478
-0.9585, -0.9965, 0.0380
-0.9605, -1.0771, 0.1166
-0.9725, -1.0716, 0.0991
-0.9914, -0.8562, 0.1352
-1.0132, -1.1160, 0.1028
-1.0344, -1.0834, 0.0490
-1.0514, -1.2399, 0.1885
-1.0612, -1.0543, 0.0069
-1.0616, -1.0373, 0.0243
-1.0513, -1.0718, 0.0205
-1.0301, -0.9600, 0.0701
-0.9988, -0.9162, 0.0826
-0.9595, -1.0250, 0.0655
-0.9149, -0.9464, 0.0315
-0.8686, -0.9055, 0.0369
-0.8247, -0.8199, 0.0048
-0.7875, -0.7811, 0.0064
-0.7612, -0.7496, 0.0116
-0.7493, -0.7107, 0.0386
-0.7551, -0.6943, 0.0608
-0.7805, -0.7068, 0.0737
-0.8264, -0.7174, 0.1090
-0.8926, -0.8324, 0.0602
-0.9774, -0.8307, 0.1467
-1.0779, -0.9713, 0.1066
-1.1903, -1.0684, 0.1219
-1.3098, -1.3508, 0.0410
-1.4309, -1.3558, 0.0751
-1.5480, -1.5568, 0.0088
-1.6554, -1.6954, 0.0400
-1.7478, -1.7244, 0.0234
-1.8206, -1.9245, 0.1039
-1.8705, -1.8527, 0.0178
-1.8952, -1.8647, 0.0305
-1.8940, -1.8867, 0.0073
-1.8674, -1.7350, 0.1324
-1.8178, -1.8096, 0.0082
-1.7485, -1.8590, 0.1105
-1.6642, -1.6838, 0.0196
-1.5702, -1.8009, 0.2307
-1.4723, -1.5561, 0.0838
-1.3764, -1.4907, 0.1143
-1.2881, -1.3271, 0.0390
-1.2124, -1.3272, 0.1148
-1.1532, -1.2897, 0.1365
-1.1134, -1.2024, 0.0890
-1.0944, -1.0023, 0.0921
-1.0960, -1.1160, 0.0200
-1.1168, -0.9460, 0.1708
-1.1541, -1.0866, 0.0675
-1.2037, -1.2050, 0.0013
-1.2608, -1.3011, 0.0403
-1.3201, -1.2180, 0.1021
-1.3761, -1.3993, 0.0232
-1.4233, -1.5848, 0.1615
-1.4571, -1.4020, 0.0551
-1.4735, -1.5132, 0.0397
-1.4700, -1.3283, 0.1417
-1.4450, -1.5833, 0.1383
-1.3987, -1.4672, 0.0685
-1.3325, -1.5396, 0.2071
-1.2493, -1.2719, 0.0226
-1.1530, -1.3210, 0.1680
-1.0482, -1.1129, 0.0647
-0.9404, -0.8592, 0.0812
-0.8348, -0.8198, 0.0150
-0.7369, -0.6773, 0.0596
-0.6511, -0.6208, 0.0303
-0.5813, -0.5997, 0.0184
-0.5301, -0.4910, 0.0391
-0.4990, -0.4908, 0.0082
-0.4878, -0.4491, 0.0387
-0.4952, -0.4907, 0.0045
-0.5186, -0.4609, 0.0577
-0.5542, -0.5560, 0.0018
-0.5973, -0.5201, 0.0772
-0.6428, -0.6875, 0.0447
-0.6854, -0.6045, 0.0809
-0.7201, -0.8627, 0.1426
-0.7424, -0.5838, 0.1586
-0.7485, -0.8652, 0.1167
-0.7360, -0.7635, 0.0275
-0.7038, -0.8420, 0.1382
-0.6519, -0.7139, 0.0620
-0.5822, -0.6897, 0.1075
-0.4976, -0.5898, 0.0922
-0.4020, -0.3314, 0.0706
-0.3004, -0.2477, 0.0527
-0.1981, -0.2558, 0.0577
-0.1006, -0.1565, 0.0559
-0.0132, -0.0788, 0.0656
0.0595, 0.0734, 0.0139
0.1137, 0.1453, 0.0316
0.1469, 0.1688, 0.0219
0.1580, 0.2087, 0.0507
0.1471, 0.1772, 0.0301
0.1161, 0.1827, 0.0666
0.0681, 0.0953, 0.0272
0.0074, 0.1283, 0.1209
-0.0607, 0.0224, 0.0831
-0.1303, 0.0507, 0.1810
-0.1952, -0.1867, 0.0085
-0.2496, -0.1330, 0.1166
-0.2878, -0.3161, 0.0283
-0.3052, -0.4367, 0.1315
-0.2981, -0.3954, 0.0973
-0.2642, -0.2588, 0.0054
-0.2025, -0.3383, 0.1358
-0.1135, -0.1656, 0.0521
0.0008, -0.0985, 0.0993
0.1374, 0.1367, 0.0007
0.2923, 0.3272, 0.0349
0.4605, 0.4157, 0.0448
0.6370, 0.6458, 0.0088
0.8164, 0.7814, 0.0350
0.9934, 0.9932, 0.0002
1.1636, 1.1291, 0.0345
1.3230, 1.3087, 0.0143
1.4686, 1.4270, 0.0416
1.5984, 1.5658, 0.0326
1.7116, 1.6388, 0.0728
1.8082, 1.8018, 0.0064
1.8895, 1.8972, 0.0077
1.9573, 1.9529, 0.0044
2.0142, 2.0064, 0.0078
2.0632, 2.0413, 0.0219
2.1077, 2.0866, 0.0211
2.1510, 2.1470, 0.0040
2.1960, 2.1689, 0.0271
2.2456, 2.2383, 0.0073
2.3019, 2.2247, 0.0772
2.3665, 2.3535, 0.0130
2.4405, 2.4181, 0.0224
2.5241, 2.5036, 0.0205
2.6170, 2.5738, 0.0432
2.7185, 2.6601, 0.0584
2.8272, 2.8003, 0.0269
2.9415, 2.9129, 0.0286
3.0597, 3.0249, 0.0348
3.1798, 3.1407, 0.0391
3.2998, 3.2587, 0.0411
3.4179, 3.3498, 0.0681
3.5324, 3.4233, 0.1091
3.6418, 3.6436, 0.0018
3.7447, 3.7340, 0.0107
3.8401, 3.8364, 0.0037
3.9270, 3.9100, 0.0170
4.0048, 3.9971, 0.0077
4.0728, 4.0543, 0.0185
4.1305, 4.1226, 0.0079
4.1775, 4.1636, 0.0139
4.2131, 4.2025, 0.0106
4.2368, 4.2370, 0.0002
4.2477, 4.2419, 0.0058
4.2450, 4.2533, 0.0083
4.2277, 4.2333, 0.0056
4.1945, 4.2302, 0.0357
4.1442, 4.1801, 0.0359
4.0756, 4.1712, 0.0956
3.9877, 4.0912, 0.1035
3.8796, 4.0645, 0.1849
3.7508, 3.8721, 0.1213
3.6012, 3.7664, 0.1652
3.4314, 3.4822, 0.0508
3.2424, 3.4954, 0.2530
3.0362, 3.0690, 0.0328
2.8153, 2.8959, 0.0806
2.5830, 2.5742, 0.0088
2.3432, 2.4225, 0.0793
2.1005, 2.0592, 0.0413
1.8597, 1.8540, 0.0057
1.6260, 1.6644, 0.0384
1.4044, 1.4205, 0.0161
1.1998, 1.2037, 0.0039
1.0165, 1.0136, 0.0029
0.8581, 0.7994, 0.0587
0.7273, 0.7130, 0.0143
0.6256, 0.6615, 0.0359
0.5533, 0.5405, 0.0128
0.5094, 0.5293, 0.0199
0.4919, 0.4863, 0.0056
0.4974, 0.5326, 0.0352
0.5217, 0.5281, 0.0064
0.5601, 0.5980, 0.0379
0.6071, 0.5496, 0.0575
0.6575, 0.7358, 0.0783
0.7062, 0.8227, 0.1165
0.7486, 0.8632, 0.1146
0.7807, 1.0004, 0.2197
0.7999, 0.9284, 0.1285
0.8044, 0.8102, 0.0058
0.7940, 1.0051, 0.2111
0.7693, 0.6623, 0.1070
0.7323, 0.7890, 0.0567
0.6859, 0.7501, 0.0642
0.6336, 0.4883, 0.1453
0.5795, 0.5914, 0.0119
0.5279, 0.5623, 0.0344
0.4828, 0.4108, 0.0720
0.4475, 0.4685, 0.0210
0.4249, 0.4138, 0.0111
0.4167, 0.4088, 0.0079
0.4237, 0.4268, 0.0031
0.4452, 0.4367, 0.0085
0.4794, 0.4167, 0.0627
0.5237, 0.5262, 0.0025
0.5741, 0.6914, 0.1173
0.6266, 0.6708, 0.0442
0.6761, 0.5620, 0.1141
0.7181, 0.8413, 0.1232
0.7481, 0.7792, 0.0311
0.7622, 0.8791, 0.1169
0.7577, 0.8552, 0.0975
0.7325, 0.7944, 0.0619
0.6861, 0.7200, 0.0339
0.6191, 0.7195, 0.1004
0.5336, 0.6372, 0.1036
0.4328, 0.4795, 0.0467
0.3207, 0.2916, 0.0291
0.2023, 0.2588, 0.0565
0.0827, 0.1563, 0.0736
-0.0325, -0.0624, 0.0299
-0.1381, -0.1166, 0.0215
-0.2298, -0.2299, 0.0001
-0.3038, -0.3054, 0.0016
-0.3576, -0.3535, 0.0041
-0.3900, -0.3912, 0.0012
-0.4009, -0.3888, 0.0121
-0.3919, -0.3455, 0.0464
-0.3656, -0.3224, 0.0432
-0.3257, -0.3641, 0.0384
-0.2766, -0.1664, 0.1102
-0.2232, 0.0603, 0.2835
-0.1704, -0.3052, 0.1348
-0.1229, -0.1214, 0.0015
-0.0849, 0.0097, 0.0946
-0.0596, 0.0218, 0.0814
-0.0489, -0.0235, 0.0254
-0.0536, 0.0268, 0.0804
-0.0730, -0.0195, 0.0535
-0.1051, -0.0600, 0.0451
-0.1465, -0.0824, 0.0641
-0.1926, -0.1555, 0.0371
-0.2381, -0.3262, 0.0881
-0.2771, -0.3524, 0.0753
-0.3033, -0.4139, 0.1106
-0.3107, -0.2760, 0.0347
-0.2939, -0.4066, 0.1127
-0.2480, -0.4575, 0.2095
-0.1693, -0.1955, 0.0262
-0.0556, -0.1955, 0.1399
0.0943, -0.0539, 0.1482
0.2796, 0.1574, 0.1222
0.4986, 0.3715, 0.1271
0.7479, 0.6746, 0.0733
1.0233, 0.9410, 0.0823
1.3192, 1.2633, 0.0559
1.6297, 1.6807, 0.0510
1.9484, 1.8884, 0.0600
2.2690, 2.3193, 0.0503
2.5852, 2.5081, 0.0771
2.8911, 2.8490, 0.0421
3.1816, 3.1869, 0.0053
3.4525, 3.3859, 0.0666
3.7001, 3.7043, 0.0042
3.9220, 3.8341, 0.0879
4.1168, 4.1184, 0.0016
4.2836, 4.2625, 0.0211
4.4228, 4.4205, 0.0023
4.5353, 4.5350, 0.0003
4.6226, 4.6128, 0.0098
4.6865, 4.6823, 0.0042
4.7292, 4.7079, 0.0213
4.7531, 4.7431, 0.0100
4.7602, 4.7167, 0.0435
4.7527, 4.7154, 0.0373
4.7325, 4.5857, 0.1468
4.7010, 4.5613, 0.1397
4.6595, 4.8851, 0.2256
4.6089, 4.7405, 0.1316
4.5501, 4.3125, 0.2376
4.4833, 4.6484, 0.1651
4.4090, 4.2787, 0.1303
4.3276, 4.2844, 0.0432
4.2392, 4.1658, 0.0734
4.1444, 3.9228, 0.2216
4.0439, 3.9991, 0.0448
3.9383, 3.6047, 0.3336
3.8286, 3.8138, 0.0148
3.7163, 3.6857, 0.0306
3.6029, 3.5829, 0.0200
3.4899, 3.4543, 0.0356
3.3790, 3.3493, 0.0297
3.2721, 3.2570, 0.0151
3.1705, 3.1766, 0.0061
3.0755, 3.0637, 0.0118
2.9880, 3.0105, 0.0225
2.9082, 2.9258, 0.0176
2.8357, 2.8647, 0.0290
2.7696, 2.7976, 0.0280
2.7082, 2.7484, 0.0402
2.6493, 2.7151, 0.0658
2.5902, 2.6349, 0.0447
2.5278, 2.5306, 0.0028
2.4589, 2.5330, 0.0741
2.3805, 2.3897, 0.0092
2.2897, 2.3109, 0.0212
2.1840, 2.1981, 0.0141
2.0620, 2.0914, 0.0294
1.9228, 1.9381, 0.0153
1.7668, 1.7964, 0.0296
1.5955, 1.6069, 0.0114
1.4112, 1.4765, 0.0653
1.2177, 1.2210, 0.0033
1.0192, 1.1225, 0.1033
0.8209, 0.8141, 0.0068
0.6284, 0.6407, 0.0123
0.4471, 0.4301, 0.0170
0.2825, 0.2974, 0.0149
0.1393, 0.1141, 0.0252
0.0215, -0.0154, 0.0369
-0.0684, -0.0975, 0.0291
-0.1287, -0.1729, 0.0442
-0.1595, -0.1880, 0.0285
-0.1625, -0.1785, 0.0160
-0.1403, -0.1760, 0.0357
-0.0972, -0.0756, 0.0216
-0.0380, -0.2032, 0.1652
0.0315, 0.1237, 0.0922
0.1053, 0.0262, 0.0791
0.1776, 0.2790, 0.1014
0.2429, 0.1303, 0.1126
0.2967, 0.2291, 0.0676
0.3355, 0.1905, 0.1450
0.3571, 0.2981, 0.0590
0.3608, 0.1794, 0.1814
0.3474, 0.3211, 0.0263
0.3192, 0.5889, 0.2697
0.2797, 0.3079, 0.0282
0.2335, 0.1854, 0.0481
0.1858, 0.2834, 0.0976
0.1424, -0.0216, 0.1640
0.1091, -0.0308, 0.1399
0.0913, -0.0903, 0.1816
0.0937, -0.1067, 0.2004
0.1202, -0.0738, 0.1940
0.1733, 0.0540, 0.1193
0.2543, 0.1317, 0.1226
0.3634, 0.3376, 0.0258
0.4988, 0.3187, 0.1801
0.6581, 0.6301, 0.0280
0.8375, 0.7614, 0.0761
1.0325, 1.0901, 0.0576
1.2382, 1.1516, 0.0866
1.4492, 1.4926, 0.0434
1.6603, 1.6991, 0.0388
1.8666, 1.8694, 0.0028
2.0637, 2.0843, 0.0206
2.2482, 2.2465, 0.0017
2.4174, 2.4447, 0.0273
2.5694, 2.5530, 0.0164
2.7036, 2.7325, 0.0289
2.8202, 2.7710, 0.0492
2.9201, 2.8928, 0.0273
3.0050, 3.0112, 0.0062
3.0772, 3.0391, 0.0381
3.1392, 3.1489, 0.0097
3.1937, 3.1352, 0.0585
3.2434, 3.2548, 0.0114
3.2906, 3.2664, 0.0242
3.3375, 3.2950, 0.0425
3.3858, 3.3081, 0.0777
3.4365, 3.4487, 0.0122
3.4904, 3.5250, 0.0346
3.5475, 3.5643, 0.0168
3.6075, 3.6189, 0.0114
3.6696, 3.6892, 0.0196
3.7329, 3.7474, 0.0145
3.7962, 3.8065, 0.0103
3.8580, 3.8753, 0.0173
3.9171, 3.9321, 0.0150
3.9723, 3.9913, 0.0190
4.0225, 4.0414, 0.0189
4.0667, 4.0692, 0.0025
4.1044, 4.1262, 0.0218
4.1352, 4.1396, 0.0044
4.1588, 4.0426, 0.1162
4.1753, 4.1809, 0.0056
4.1851, 4.1960, 0.0109
4.1885, 4.1943, 0.0058
4.1858, 4.1916, 0.0058
4.1772, 4.1900, 0.0128
4.1632, 4.1803, 0.0171
4.1438, 4.1829, 0.0391
4.1190, 4.1564, 0.0374
4.0883, 4.1068, 0.0185
4.0514, 3.9953, 0.0561
4.0076, 4.0402, 0.0326
3.9560, 3.9391, 0.0169
3.8958, 3.9000, 0.0042
3.8263, 3.8141, 0.0122
3.7465, 3.7896, 0.0431
3.6561, 3.6618, 0.0057
3.5548, 3.5433, 0.0115
3.4428, 3.4516, 0.0088
3.3208, 3.3088, 0.0120
3.1900, 3.2014, 0.0114
3.0521, 3.0735, 0.0214
2.9093, 2.9220, 0.0127
2.7642, 2.7585, 0.0057
2.6201, 2.6367, 0.0166
2.4802, 2.4747, 0.0055
2.3481, 2.3654, 0.0173
2.2271, 2.2244, 0.0027
2.1205, 2.0953, 0.0252
2.0311, 2.0117, 0.0194
1.9611, 1.9744, 0.0133
1.9119, 1.9067, 0.0052
1.8841, 1.9074, 0.0233
1.8777, 1.8696, 0.0081
1.8913, 1.8622, 0.0291
1.9230, 1.9016, 0.0214
1.9699, 1.8462, 0.1237
2.0287, 1.9802, 0.0485
2.0954, 2.0230, 0.0724
2.1658, 2.2160, 0.0502
2.2360, 2.1008, 0.1352
2.3019, 2.2257, 0.0762
2.3601, 2.4159, 0.0558
2.4080, 2.2677, 0.1403
2.4436, 2.4672, 0.0236
2.4659, 2.3163, 0.1496
2.4750, 2.4465, 0.0285
2.4720, 2.5815, 0.1095
2.4588, 2.4047, 0.0541
2.4382, 2.4178, 0.0204
2.4138, 2.3980, 0.0158
2.3895, 2.3828, 0.0067
2.3694, 2.4064, 0.0370
2.3575, 2.3584, 0.0009
2.3578, 2.3989, 0.0411
2.3735, 2.3914, 0.0179
2.4072, 2.4221, 0.0149
2.4607, 2.5062, 0.0455
2.5347, 2.4743, 0.0604
2.6291, 2.5747, 0.0544
2.7427, 2.6540, 0.0887
2.8734, 2.8818, 0.0084
3.0184, 3.0254, 0.0070
3.1741, 3.1796, 0.0055
3.3368, 3.3501, 0.0133
3.5023, 3.5145, 0.0122
3.6663, 3.6872, 0.0209
3.8250, 3.8300, 0.0050
3.9746, 4.0086, 0.0340
4.1120, 4.1240, 0.0120
4.2346, 4.2266, 0.0080
4.3406, 4.3602, 0.0196
4.4288, 4.4290, 0.0002
4.4986, 4.5249, 0.0263
4.5502, 4.5628, 0.0126
4.5841, 4.6013, 0.0172
4.6016, 4.6304, 0.0288
4.6038, 4.6319, 0.0281
4.5923, 4.6397, 0.0474
4.5685, 4.5425, 0.0260
4.5337, 4.5855, 0.0518
4.4892, 4.4138, 0.0754
4.4356, 4.4379, 0.0023
4.3733, 4.3963, 0.0230
4.3027, 4.2665, 0.0362
4.2235, 4.2439, 0.0204
4.1355, 4.0276, 0.1079
4.0381, 4.0143, 0.0238
3.9310, 4.0216, 0.0906
3.8137, 3.6764, 0.1373
3.6864, 3.6350, 0.0514
3.5491, 3.5316, 0.0175
3.4025, 3.3962, 0.0063
3.2478, 3.2662, 0.0184
3.0867, 3.0928, 0.0061
2.9212, 2.9151, 0.0061
2.7539, 2.7790, 0.0251
2.5875, 2.5735, 0.0140
2.4250, 2.4520, 0.0270
2.2694, 2.3067, 0.0373
2.1233, 2.1464, 0.0231
1.9891, 1.9926, 0.0035
1.8686, 1.9039, 0.0353
1.7630, 1.7730, 0.0100
1.6727, 1.6533, 0.0194
1.5973, 1.6161, 0.0188
1.5357, 1.5664, 0.0307
1.4857, 1.5154, 0.0297
1.4451, 1.4967, 0.0516
1.4109, 1.3505, 0.0604
1.3799, 1.4179, 0.0380
1.3490, 1.4615, 0.1125
1.3151, 1.2807, 0.0344
1.2757, 1.2821, 0.0064
1.2290, 1.1704, 0.0586
1.1738, 1.1270, 0.0468
1.1099, 1.0351, 0.0748
1.0378, 1.0166, 0.0212
0.9588, 0.9014, 0.0574
0.8753, 0.8345, 0.0408
0.7899, 0.7296, 0.0603
0.7059, 0.6501, 0.0558
0.6266, 0.5719, 0.0547
0.5552, 0.4910, 0.0642
0.4945, 0.4681, 0.0264
0.4469, 0.4324, 0.0145
0.4138, 0.3881, 0.0257
0.3957, 0.3867, 0.0090
0.3921, 0.4051, 0.0130
0.4012, 0.4009, 0.0003
0.4206, 0.4712, 0.0506
0.4465, 0.4186, 0.0279
0.4748, 0.5287, 0.0539
0.5009, 0.5857, 0.0848
0.5199, 0.6369, 0.1170
0.5271, 0.6234, 0.0963
0.5185, 0.5755, 0.0570
0.4906, 0.5727, 0.0821
0.4409, 0.5026, 0.0617
0.3685, 0.5770, 0.2085
0.2734, 0.3824, 0.1090
0.1571, 0.2388, 0.0817
0.0224, 0.0713, 0.0489
-0.1266, -0.0482, 0.0784
-0.2847, -0.2886, 0.0039
-0.4465, -0.4393, 0.0072
-0.6056, -0.6129, 0.0073
-0.7558, -0.7509, 0.0049
-0.8915, -0.9459, 0.0544
-1.0074, -0.9806, 0.0268
-1.0995, -1.0688, 0.0307
-1.1650, -1.2326, 0.0676
-1.2025, -1.1620, 0.0405
-1.2124, -1.2509, 0.0385
-1.1963, -1.3220, 0.1257
-1.1575, -1.1030, 0.0545
-1.1004, -1.1461, 0.0457
-1.0302, -0.9466, 0.0836
-0.9528, -0.8925, 0.0603
-0.8743, -0.9943, 0.1200
-0.8003, -0.6058, 0.1945
-0.7362, -0.9837, 0.2475
-0.6861, -0.6577, 0.0284
-0.6532, -0.6747, 0.0215
-0.6388, -0.5666, 0.0722
-0.6429, -0.7921, 0.1492
-0.6642, -0.5585, 0.1057
-0.6997, -0.8300, 0.1303
-0.7450, -0.7964, 0.0514
-0.7953, -0.7918, 0.0035
-0.8448, -0.9099, 0.0651
-0.8875, -0.9421, 0.0546
-0.9179, -0.9896, 0.0717
-0.9307, -1.0365, 0.1058
-0.9221, -0.9103, 0.0118
-0.8891, -0.9750, 0.0859
-0.8302, -0.8899, 0.0597
-0.7456, -0.8309, 0.0853
-0.6370, -0.6359, 0.0011
-0.5074, -0.5657, 0.0583
-0.3612, -0.3453, 0.0159
-0.2036, -0.2106, 0.0070
-0.0405, -0.0195, 0.0210
0.1220, 0.0681, 0.0539
0.2780, 0.3157, 0.0377
0.4220, 0.3591, 0.0629
0.5494, 0.5933, 0.0439
0.6568, 0.6866, 0.0298
0.7421, 0.8014, 0.0593
0.8043, 0.8416, 0.0373
0.8442, 0.8819, 0.0377
0.8639, 0.8943, 0.0304
0.8668, 0.8969, 0.0301
0.8570, 0.9065, 0.0495
0.8396, 0.8880, 0.0484
0.8199, 0.8395, 0.0196
0.8034, 0.8990, 0.0956
0.7951, 0.7809, 0.0142
0.7998, 0.7257, 0.0741
0.8210, 0.6874, 0.1336
0.8616, 0.5669, 0.2947
0.9229, 0.6080, 0.3149
1.0053, 0.8969, 0.1084
1.1079, 1.0250, 0.0829
1.2285, 1.2662, 0.0377
1.3645, 1.3843, 0.0198
1.5119, 1.4708, 0.0411
1.6667, 1.6471, 0.0196
1.8246, 1.7969, 0.0277
1.9812, 2.0360, 0.0548
2.1324, 2.1600, 0.0276
2.2749, 2.2708, 0.0041
2.4055, 2.4163, 0.0108
2.5224, 2.5028, 0.0196
2.6241, 2.6234, 0.0007
2.7102, 2.7055, 0.0047
2.7810, 2.7742, 0.0068
2.8376, 2.8289, 0.0087
2.8813, 2.8852, 0.0039
2.9141, 2.9226, 0.0085
2.9378, 2.9427, 0.0049
2.9543, 2.9269, 0.0274
2.9654, 2.9701, 0.0047
2.9720, 2.9494, 0.0226
2.9750, 2.9797, 0.0047
2.9742, 2.8960, 0.0782
2.9692, 2.9762, 0.0070
2.9587, 2.9285, 0.0302
2.9412, 2.9659, 0.0247
2.9147, 2.9317, 0.0170
2.8770, 2.9351, 0.0581
2.8261, 2.8634, 0.0373
2.7602, 2.8590, 0.0988
2.6778, 2.7345, 0.0567
2.5784, 2.6336, 0.0552
2.4622, 2.6521, 0.1899
2.3302, 2.3884, 0.0582
2.1844, 2.2375, 0.0531
2.0277, 2.0464, 0.0187
1.8638, 1.8913, 0.0275
1.6975, 1.7148, 0.0173
1.5336, 1.5508, 0.0172
1.3775, 1.3788, 0.0013
1.2346, 1.2468, 0.0122
1.1097, 1.1197, 0.0100
1.0073, 0.9780, 0.0293
0.9310, 0.8890, 0.0420
0.8833, 0.8200, 0.0633
0.8655, 0.7697, 0.0958
0.8775, 0.8261, 0.0514
0.9179, 0.9458, 0.0279
0.9841, 0.8394, 0.1447
1.0722, 1.1269, 0.0547
1.1776, 1.2472, 0.0696
1.2948, 1.1225, 0.1723
1.4181, 1.3366, 0.0815
1.5415, 1.5780, 0.0365
1.6596, 1.4826, 0.1770
1.7672, 1.7398, 0.0274
1.8601, 1.8521, 0.0080
1.9352, 2.0499, 0.1147
1.9904, 1.8545, 0.1359
2.0249, 2.1057, 0.0808
2.0392, 1.9398, 0.0994
2.0348, 2.0643, 0.0295
2.0146, 1.8617, 0.1529
1.9818, 1.8400, 0.1418
1.9404, 1.8442, 0.0962
1.8948, 1.8547, 0.0401
1.8490, 1.6660, 0.1830
1.8068, 1.7626, 0.0442
1.7716, 1.8749, 0.1033
1.7457, 1.7288, 0.0169
1.7305, 1.6200, 0.1105
1.7264, 1.7837, 0.0573
1.7327, 1.6223, 0.1104
1.7478, 1.8053, 0.0575
1.7694, 1.7154, 0.0540
1.7944, 1.8278, 0.0334
1.8195, 1.7813, 0.0382
1.8412, 1.8219, 0.0193
1.8564, 2.1896, 0.3332
1.8623, 2.1034, 0.2411
1.8570, 2.0188, 0.1618
1.8395, 1.9938, 0.1543
1.8097, 1.9578, 0.1481
1.7688, 1.8445, 0.0757
1.7188, 1.8149, 0.0961
1.6627, 1.6370, 0.0257
1.6042, 1.5677, 0.0365
1.5478, 1.5615, 0.0137
1.4976, 1.4390, 0.0586
1.4583, 1.4112, 0.0471
1.4339, 1.4200, 0.0139
1.4279, 1.3963, 0.0316
1.4429, 1.4117, 0.0312
1.4803, 1.4153, 0.0650
1.5407, 1.4311, 0.1096
1.6233, 1.4679, 0.1554
1.7261, 1.6107, 0.1154
1.8464, 1.5770, 0.2694
1.9803, 1.9037, 0.0766
2.1235, 1.9001, 0.2234
2.2713, 2.2280, 0.0433
2.4188, 2.4235, 0.0047
2.5613, 2.5119, 0.0494
2.6944, 2.6797, 0.0147
2.8144, 2.7856, 0.0288
2.9183, 2.9384, 0.0201
3.0041, 2.9585, 0.0456
3.0704, 3.0979, 0.0275
3.1173, 3.1082, 0.0091
3.1452, 3.1813, 0.0361
3.1556, 3.1479, 0.0077
3.1505, 3.1959, 0.0454
3.1325, 3.1295, 0.0030
3.1043, 3.1293, 0.0250
3.0688, 3.0946, 0.0258
3.0286, 3.1014, 0.0728
2.9862, 3.0912, 0.1050
2.9435, 2.9838, 0.0403
2.9019, 2.8695, 0.0324
2.8622, 2.8433, 0.0189
2.8247, 2.7410, 0.0837
2.7890, 2.6241, 0.1649
2.7546, 2.5395, 0.2151
2.7204, 2.7052, 0.0152
2.6855, 2.4001, 0.2854
2.6488, 2.8023, 0.1535
2.6095, 2.6129, 0.0034
2.5674, 2.5299, 0.0375
2.5227, 2.5523, 0.0296
2.4762, 2.5059, 0.0297
2.4294, 2.4334, 0.0040
2.3843, 2.4088, 0.0245
2.3437, 2.3541, 0.0104
2.3107, 2.3185, 0.0078
2.2886, 2.2764, 0.0122
2.2809, 2.2636, 0.0173
2.2908, 2.2732, 0.0176
2.3212, 2.2733, 0.0479
2.3740, 2.3198, 0.0542
2.4507, 2.2722, 0.1785
2.5514, 2.3149, 0.2365
2.6754, 2.5268, 0.1486
2.8205, 2.6932, 0.1273
2.9835, 2.9321, 0.0514
3.1604, 3.0756, 0.0848
3.3460, 3.3191, 0.0269
3.5348, 3.4947, 0.0401
3.7208, 3.6820, 0.0388
3.8980, 3.8972, 0.0008
4.0607, 4.0191, 0.0416
4.2036, 4.2228, 0.0192
4.3224, 4.2845, 0.0379
4.4137, 4.4547, 0.0410
4.4754, 4.5086, 0.0332
4.5065, 4.5586, 0.0521
4.5074, 4.5624, 0.0550
4.4800, 4.5007, 0.0207
4.4270, 4.5232, 0.0962
4.3522, 4.4413, 0.0891
4.2604, 4.4288, 0.1684
4.1565, 4.3438, 0.1873
4.0456, 4.4247, 0.3791
3.9329, 4.0960, 0.1631
3.8233, 3.7095, 0.1138
3.7208, 3.7727, 0.0519
3.6287, 3.3778, 0.2509
3.5496, 3.3653, 0.1843
3.4846, 3.1656, 0.3190
3.4343, 3.2381, 0.1962
3.3981, 3.1421, 0.2560
3.3746, 3.2847, 0.0899
3.3618, 3.3455, 0.0163
3.3573, 3.4219, 0.0646
3.3586, 3.3267, 0.0319
3.3630, 3.4204, 0.0574
3.3684, 3.5330, 0.1646
3.3729, 3.5289, 0.1560
3.3752, 3.4402, 0.0650
3.3746, 3.4814, 0.1068
3.3713, 3.4860, 0.1147
3.3659, 3.4132, 0.0473
3.3597, 3.4097, 0.0500
3.3543, 3.4073, 0.0530
3.3518, 3.3715, 0.0197
3.3542, 3.3674, 0.0132
3.3630, 3.3185, 0.0445
3.3797, 3.3614, 0.0183
3.4048, 3.3277, 0.0771
3.4384, 3.3948, 0.0436
3.4795, 3.3855, 0.0940
3.5261, 3.5156, 0.0105
3.5756, 3.5728, 0.0028
3.6244, 3.6088, 0.0156
3.6684, 3.6692, 0.0008
3.7030, 3.7204, 0.0174
3.7237, 3.7510, 0.0273
3.7260, 3.7702, 0.0442
3.7058, 3.7587, 0.0529
3.6598, 3.7479, 0.0881
3.5859, 3.6528, 0.0669
3.4830, 3.6638, 0.1808
3.3515, 3.5456, 0.1941
3.1930, 3.3992, 0.2062
3.0107, 2.9990, 0.0117
2.8090, 2.8579, 0.0489
2.5935, 2.6515, 0.0580
2.3704, 2.3844, 0.0140
2.1468, 2.2321, 0.0853
1.9297, 1.8673, 0.0624
1.7261, 1.6583, 0.0678
1.5422, 1.4485, 0.0937
1.3835, 1.4548, 0.0713
1.2543, 1.1919, 0.0624
1.1574, 1.1994, 0.0420
1.0941, 1.1011, 0.0070
1.0641, 1.1186, 0.0545
1.0654, 1.2315, 0.1661
1.0948, 0.9885, 0.1063
1.1481, 1.0311, 0.1170
1.2198, 1.3268, 0.1070
1.3041, 1.5536, 0.2495
1.3952, 1.3979, 0.0027
1.4872, 1.6521, 0.1649
1.5749, 1.4070, 0.1679
1.6540, 1.5576, 0.0964
1.7212, 1.7598, 0.0386
1.7743, 1.6341, 0.1402
1.8125, 1.8988, 0.0863
1.8364, 1.6286, 0.2078
1.8473, 1.9092, 0.0619
1.8478, 2.1075, 0.2597
1.8414, 1.8274, 0.0140
1.8316, 1.8518, 0.0202
1.8221, 1.8343, 0.0122
1.8165, 1.7268, 0.0897
1.8179, 1.7578, 0.0601
1.8284, 1.5986, 0.2298
1.8492, 1.7480, 0.1012
1.8807, 1.8199, 0.0608
1.9217, 1.8783, 0.0434
1.9702, 1.9191, 0.0511
2.0232, 2.0149, 0.0083
2.0771, 2.0926, 0.0155
2.1277, 2.1681, 0.0404
2.1706, 2.2130, 0.0424
2.2018, 2.2461, 0.0443
2.2174, 2.2842, 0.0668
2.2146, 2.2762, 0.0616
2.1914, 2.2691, 0.0777
2.1474, 2.2560, 0.1086
2.0829, 2.0316, 0.0513
2.0001, 2.1438, 0.1437
1.9022, 1.8122, 0.0900
1.7935, 1.8676, 0.0741
1.6792, 1.6985, 0.0193
1.5652, 1.5972, 0.0320
1.4577, 1.4877, 0.0300
1.3629, 1.4090, 0.0461
1.2864, 1.3168, 0.0304
1.2334, 1.2467, 0.0133
1.2079, 1.1875, 0.0204
1.2128, 1.2171, 0.0043
1.2498, 1.2154, 0.0344
1.3191, 1.3009, 0.0182
1.4194, 1.2833, 0.1361
1.5484, 1.4426, 0.1058
1.7026, 1.3622, 0.3404
1.8776, 1.5805, 0.2971
2.0685, 1.9244, 0.1441
2.2697, 2.2561, 0.0136
2.4758, 2.4444, 0.0314
2.6818, 2.6148, 0.0670
2.8827, 2.7887, 0.0940
3.0745, 3.0805, 0.0060
3.2537, 3.2369, 0.0168
3.4178, 3.3930, 0.0248
3.5654, 3.5469, 0.0185
3.6958, 3.6647, 0.0311
3.8093, 3.7530, 0.0563
3.9069, 3.8522, 0.0547
3.9902, 3.9746, 0.0156
4.0615, 4.0550, 0.0065
4.1230, 4.0840, 0.0390
4.1774, 4.1624, 0.0150
4.2272, 4.2249, 0.0023
4.2747, 4.2492, 0.0255
4.3219, 4.3200, 0.0019
4.3702, 4.3330, 0.0372
4.4208, 4.4196, 0.0012
4.4741, 4.5072, 0.0331
4.5301, 4.5300, 0.0001
4.5882, 4.6342, 0.0460
4.6475, 4.6489, 0.0014
4.7065, 4.7130, 0.0065
4.7638, 4.7684, 0.0046
4.8174, 4.8219, 0.0045
4.8657, 4.8748, 0.0091
4.9070, 4.9190, 0.0120
4.9399, 4.9552, 0.0153
4.9631, 4.9842, 0.0211
4.9757, 4.9985, 0.0228
4.9772, 5.0080, 0.0308
4.9675, 4.9786, 0.0111
4.9472, 4.9744, 0.0272
4.9168, 4.9497, 0.0329
4.8774, 4.9521, 0.0747
4.8303, 4.9430, 0.1127
4.7770, 4.8715, 0.0945
4.7190, 4.8406, 0.1216
4.6577, 4.6406, 0.0171
4.5946, 4.6550, 0.0604
4.5308, 4.4787, 0.0521
4.4674, 4.4078, 0.0596
4.4049, 4.3885, 0.0164
4.3437, 4.3687, 0.0250
4.2840, 4.2839, 0.0001
4.2256, 4.2053, 0.0203
4.1681, 4.1603, 0.0078
4.1111, 4.1295, 0.0184
4.0540, 4.0371, 0.0169
3.9963, 4.0233, 0.0270
3.9375, 3.9345, 0.0030
3.8774, 3.9131, 0.0357
3.8160, 3.8554, 0.0394
3.7535, 3.7800, 0.0265
3.6902, 3.7156, 0.0254
3.6271, 3.6237, 0.0034
3.5651, 3.6152, 0.0501
3.5052, 3.5011, 0.0041
3.4488, 3.4398, 0.0090
3.3970, 3.3917, 0.0053
3.3509, 3.3397, 0.0112
3.3113, 3.3050, 0.0063
3.2789, 3.2660, 0.0129
3.2538, 3.2472, 0.0066
3.2357, 3.3172, 0.0815
3.2241, 3.2182, 0.0059
3.2177, 3.1829, 0.0348
3.2152, 3.2046, 0.0106
3.2149, 3.2010, 0.0139
3.2149, 3.2014, 0.0135
3.2133, 3.1892, 0.0241
3.2082, 3.1957, 0.0125
3.1981, 3.2399, 0.0418
3.1819, 3.1885, 0.0066
3.1587, 3.2215, 0.0628
3.1283, 3.1365, 0.0082
3.0911, 3.1299, 0.0388
3.0480, 3.0551, 0.0071
3.0004, 3.0129, 0.0125
2.9500, 2.9538, 0.0038
2.8989, 2.9215, 0.0226
2.8494, 2.8487, 0.0007
2.8033, 2.8041, 0.0008
2.7626, 2.7587, 0.0039
2.7288, 2.7136, 0.0152
2.7026, 2.6956, 0.0070
2.6842, 2.6555, 0.0287
2.6732, 2.6611, 0.0121
2.6683, 2.6666, 0.0017
2.6676, 2.6635, 0.0041
2.6685, 2.6740, 0.0055
2.6683, 2.7030, 0.0347
2.6638, 2.6996, 0.0358
2.6520, 2.7460, 0.0940
2.6301, 2.6608, 0.0307
2.5959, 2.6930, 0.0971
2.5478, 2.5705, 0.0227
2.4848, 2.5405, 0.0557
2.4072, 2.4441, 0.0369
2.3161, 2.3537, 0.0376
2.2137, 2.2548, 0.0411
2.1030, 2.1475, 0.0445
1.9878, 2.0366, 0.0488
1.8724, 1.9132, 0.0408
1.7613, 1.7930, 0.0317
1.6590, 1.7007, 0.0417
1.5696, 1.5187, 0.0509
1.4964, 1.4769, 0.0195
1.4422, 1.4128, 0.0294
1.4084, 1.3723, 0.0361
1.3954, 1.3975, 0.0021
1.4020, 1.3846, 0.0174
1.4260, 1.3845, 0.0415
1.4641, 1.4774, 0.0133
1.5118, 1.3866, 0.1252
1.5642, 1.5853, 0.0211
1.6162, 1.5537, 0.0625
1.6622, 1.7002, 0.0380
1.6976, 1.6427, 0.0549
1.7182, 1.7577, 0.0395
1.7210, 1.7216, 0.0006
1.7042, 1.7485, 0.0443
1.6673, 1.7783, 0.1110
1.6116, 1.6888, 0.0772
1.5395, 1.5887, 0.0492
1.4551, 1.4672, 0.0121
1.3630, 1.3007, 0.0623
1.2693, 1.3106, 0.0413
1.1799, 1.1496, 0.0303
1.1014, 1.1148, 0.0134
1.0393, 1.0673, 0.0280
0.9989, 1.0054, 0.0065
0.9841, 0.9681, 0.0160
0.9975, 1.0005, 0.0030
1.0402, 0.9908, 0.0494
1.1116, 1.1083, 0.0033
1.2093, 1.3156, 0.1063
1.3296, 1.2942, 0.0354
1.4674, 1.6940, 0.2266
1.6167, 1.4730, 0.1437
1.7706, 1.6730, 0.0976
1.9222, 1.9221, 0.0001
2.0648, 2.0452, 0.0196
2.1922, 2.2376, 0.0454
2.2992, 2.3811, 0.0819
2.3818, 2.3490, 0.0328
2.4375, 2.5024, 0.0649
2.4655, 2.5089, 0.0434
2.4665, 2.4544, 0.0121
2.4430, 2.5111, 0.0681
2.3984, 2.3666, 0.0318
2.3380, 2.2203, 0.1177
2.2673, 2.2335, 0.0338
2.1925, 1.9951, 0.1974
2.1197, 2.1171, 0.0026
2.0550, 2.1577, 0.1027
2.0035, 2.2590, 0.2555
1.9696, 1.8350, 0.1346
1.9560, 1.9368, 0.0192
1.9646, 1.8258, 0.1388
1.9955, 2.0127, 0.0172
2.0475, 1.8804, 0.1671
2.1181, 2.1876, 0.0695
2.2040, 2.1203, 0.0837
2.3010, 2.1692, 0.1318
2.4044, 2.6768, 0.2724
2.5098, 2.5586, 0.0488
2.6125, 2.5285, 0.0840
2.7087, 2.7111, 0.0024
2.7955, 2.8403, 0.0448
2.8708, 2.8599, 0.0109
2.9337, 2.9755, 0.0418
2.9845, 2.9514, 0.0331
3.0246, 2.9967, 0.0279
3.0562, 2.9804, 0.0758
3.0825, 3.0054, 0.0771
3.1070, 3.0985, 0.0085
3.1335, 3.1389, 0.0054
3.1659, 3.1336, 0.0323
3.2074, 3.2112, 0.0038
3.2605, 3.2303, 0.0302
3.3270, 3.3303, 0.0033
3.4076, 3.3573, 0.0503
3.5019, 3.5076, 0.0057
3.6083, 3.6078, 0.0005
3.7241, 3.7372, 0.0131
3.8458, 3.8581, 0.0123
3.9692, 3.9937, 0.0245
4.0899, 4.1203, 0.0304
4.2029, 4.2420, 0.0391
4.3039, 4.3434, 0.0395
4.3888, 4.4440, 0.0552
4.4543, 4.5275, 0.0732
4.4982, 4.5187, 0.0205
4.5193, 4.5617, 0.0424
4.5176, 4.5808, 0.0632
4.4945, 4.5431, 0.0486
4.4524, 4.5314, 0.0790
4.3948, 4.4749, 0.0801
4.3259, 4.3570, 0.0311
4.2506, 4.4137, 0.1631
4.1738, 4.2251, 0.0513
4.1008, 4.0865, 0.0143
4.0363, 4.0131, 0.0232
3.9842, 4.1154, 0.1312
3.9478, 3.7923, 0.1555
3.9294, 3.9973, 0.0679
3.9300, 3.8453, 0.0847
3.9494, 3.8726, 0.0768
3.9864, 3.7691, 0.2173
4.0386, 3.9336, 0.1050
4.1029, 4.0844, 0.0185
4.1754, 4.3160, 0.1406
4.2517, 4.3241, 0.0724
4.3275, 4.3207, 0.0068
4.3987, 4.5590, 0.1603
4.4614, 4.5174, 0.0560
4.5126, 4.4482, 0.0644
4.5497, 4.5607, 0.0110
4.5714, 4.5856, 0.0142
4.5772, 4.5745, 0.0027
4.5675, 4.6173, 0.0498
4.5438, 4.5748, 0.0310
4.5081, 4.4793, 0.0288
4.4632, 4.5455, 0.0823
4.4120, 4.3946, 0.0174
4.3578, 4.3306, 0.0272
4.3037, 4.3111, 0.0074
4.2525, 4.2363, 0.0162
4.2062, 4.2705, 0.0643
4.1665, 4.1522, 0.0143
4.1341, 4.0686, 0.0655
4.1089, 4.1234, 0.0145
4.0901, 4.1561, 0.0660
4.0758, 4.1662, 0.0904
4.0640, 4.1805, 0.1165
4.0519, 4.0582, 0.0063
4.0367, 4.1507, 0.1140
4.0153, 4.0373, 0.0220
3.9850, 4.0985, 0.1135
3.9435, 3.9907, 0.0472
3.8891, 3.9391, 0.0500
3.8208, 3.8947, 0.0739
3.7384, 3.7881, 0.0497
3.6425, 3.6795, 0.0370
3.5345, 3.5357, 0.0012
3.4168, 3.4532, 0.0364
3.2918, 3.2884, 0.0034
3.1628, 3.1435, 0.0193
3.0329, 3.0248, 0.0081
2.9054, 2.9594, 0.0540
2.7828, 2.7711, 0.0117
2.6675, 2.7369, 0.0694
2.5608, 2.5474, 0.0134
2.4632, 2.4336, 0.0296
2.3741, 2.3487, 0.0254
2.2921, 2.2785, 0.0136
2.2147, 2.2767, 0.0620
2.1388, 2.1706, 0.0318
2.0607, 2.1001, 0.0394
1.9766, 2.0587, 0.0821
1.8825, 1.9668, 0.0843
1.7752, 1.8205, 0.0453
1.6516, 1.7436, 0.0920
1.5102, 1.5744, 0.0642
1.3502, 1.3627, 0.0125
1.1725, 1.1720, 0.0005
0.9792, 0.9871, 0.0079
0.7738, 0.7621, 0.0117
0.5610, 0.5480, 0.0130
0.3467, 0.3249, 0.0218
0.1373, 0.1029, 0.0344
-0.0602, -0.0901, 0.0299
-0.2392, -0.2926, 0.0534
-0.3932, -0.4300, 0.0368
-0.5168, -0.5486, 0.0318
-0.6057, -0.6491, 0.0434
-0.6571, -0.6721, 0.0150
-0.6700, -0.7607, 0.0907
-0.6451, -0.6731, 0.0280
-0.5850, -0.5982, 0.0132
-0.4936, -0.6013, 0.1077
-0.3766, -0.4519, 0.0753
-0.2405, -0.4675, 0.2270
-0.0925, -0.3276, 0.2351
0.0600, -0.1113, 0.1713
0.2099, 0.2576, 0.0477
0.3506, -0.0069, 0.3575
0.4767, 0.4499, 0.0268
0.5843, 0.9891, 0.4048
0.6711, 0.6740, 0.0029
0.7364, 0.5741, 0.1623
0.7815, 0.8807, 0.0992
0.8093, 0.7661, 0.0432
0.8241, 0.8038, 0.0203
0.8314, 0.8677, 0.0363
0.8373, 0.7580, 0.0793
0.8486, 0.5869, 0.2617
0.8715, 0.6445, 0.2270
0.9120, 0.9369, 0.0249
0.9752, 0.7957, 0.1795
1.0646, 0.9138, 0.1508
1.1823, 1.0597, 0.1226
1.3288, 1.2203, 0.1085
1.5029, 1.3730, 0.1299
1.7014, 1.5964, 0.1050
1.9201, 1.8140, 0.1061
2.1535, 2.0772, 0.0763
2.3950, 2.3172, 0.0778
2.6379, 2.5952, 0.0427
2.8753, 2.8454, 0.0299
3.1008, 3.1208, 0.0200
3.3090, 3.2895, 0.0195
3.4953, 3.5234, 0.0281
3.6567, 3.6452, 0.0115
3.7916, 3.8105, 0.0189
3.8997, 3.9334, 0.0337
3.9827, 4.0023, 0.0196
4.0433, 4.0773, 0.0340
4.0853, 4.0687, 0.0166
4.1136, 4.1217, 0.0081
4.1333, 4.0969, 0.0364
4.1496, 4.1501, 0.0005
4.1675, 4.1253, 0.0422
4.1913, 4.1721, 0.0192
4.2244, 4.0710, 0.1534
4.2689, 4.2156, 0.0533
4.3257, 4.1961, 0.1296
4.3944, 4.3110, 0.0834
4.4730, 4.4606, 0.0124
4.5585, 4.4043, 0.1542
4.6471, 4.6398, 0.0073
4.7341, 4.7239, 0.0102
4.8143, 4.8157, 0.0014
4.8827, 5.0311, 0.1484
4.9347, 4.9457, 0.0110
4.9663, 5.0354, 0.0691
4.9743, 5.0573, 0.0830
4.9569, 5.0574, 0.1005
4.9134, 4.9588, 0.0454
4.8445, 4.9558, 0.1113
4.7522, 4.8564, 0.1042
4.6398, 4.8643, 0.2245
4.5113, 4.7565, 0.2452
4.3717, 4.5746, 0.2029
4.2263, 4.4759, 0.2496
4.0803, 4.1110, 0.0307
3.9387, 3.9888, 0.0501
3.8059, 3.8351, 0.0292
3.6854, 3.7457, 0.0603
3.5796, 3.4771, 0.1025
3.4895, 3.5776, 0.0881
3.4149, 3.3930, 0.0219
3.3544, 3.2691, 0.0853
3.3055, 3.3669, 0.0614
3.2649, 3.2402, 0.0247
3.2287, 3.1572, 0.0715
3.1928, 3.2704, 0.0776
3.1531, 3.3075, 0.1544
3.1062, 3.2596, 0.1534
3.0493, 3.1871, 0.1378
2.9808, 3.1881, 0.2073
2.9001, 2.9557, 0.0556
2.8083, 2.8623, 0.0540
2.7074, 2.7696, 0.0622
2.6010, 2.6050, 0.0040
2.4934, 2.5113, 0.0179
2.3901, 2.4030, 0.0129
2.2966, 2.3008, 0.0042
2.2189, 2.2231, 0.0042
2.1621, 2.1478, 0.0143
2.1310, 2.1209, 0.0101
2.1292, 2.0921, 0.0371
2.1589, 2.1248, 0.0341
2.2208, 2.1252, 0.0956
2.3138, 2.1634, 0.1504
2.4354, 2.2635, 0.1719
2.5813, 2.3210, 0.2603
2.7460, 2.3859, 0.3601
2.9230, 2.7524, 0.1706
3.1052, 3.4141, 0.3089
3.2851, 3.4096, 0.1245
3.4558, 3.4729, 0.0171
3.6106, 3.6572, 0.0466
3.7441, 3.7802, 0.0361
3.8522, 3.8775, 0.0253
3.9323, 3.9904, 0.0581
3.9836, 4.0203, 0.0367
4.0067, 4.0804, 0.0737
4.0042, 4.0632, 0.0590
3.9797, 3.9205, 0.0592
3.9381, 4.0011, 0.0630
3.8850, 3.9783, 0.0933
3.8260, 3.9509, 0.1249
3.7672, 3.6556, 0.1116
3.7136, 3.6156, 0.0980
3.6698, 3.4397, 0.2301
3.6390, 3.4204, 0.2186
3.6230, 3.6710, 0.0480
3.6222, 3.5258, 0.0964
3.6355, 3.5725, 0.0630
3.6603, 3.5727, 0.0876
3.6929, 3.4789, 0.2140
3.7289, 3.7292, 0.0003
3.7631, 3.6988, 0.0643
3.7904, 3.7193, 0.0711
3.8059, 3.9832, 0.1773
3.8055, 3.7500, 0.0555
3.7858, 4.0201, 0.2343
3.7450, 3.7612, 0.0162
3.6828, 3.6743, 0.0085
3.5999, 3.6743, 0.0744
3.4991, 3.5848, 0.0857
3.3842, 3.3696, 0.0146
3.2605, 3.2873, 0.0268
3.1335, 3.0802, 0.0533
3.0097, 3.0177, 0.0080
2.8951, 2.8125, 0.0826
2.7957, 2.7853, 0.0104
2.7164, 2.7074, 0.0090
2.6608, 2.6212, 0.0396
2.6314, 2.5776, 0.0538
2.6288, 2.5754, 0.0534
2.6518, 2.6309, 0.0209
2.6977, 2.7083, 0.0106
2.7622, 2.7050, 0.0572
2.8398, 2.7046, 0.1352
2.9242, 2.6402, 0.2840
3.0086, 2.8330, 0.1756
3.0862, 3.2214, 0.1352
3.1507, 2.9999, 0.1508
3.1967, 3.2677, 0.0710
3.2203, 3.1964, 0.0239
3.2188, 3.3818, 0.1630
3.1917, 3.1618, 0.0299
3.1399, 3.1286, 0.0113
3.0663, 3.0861, 0.0198
2.9755, 3.1373, 0.1618
2.8732, 2.8608, 0.0124
2.7662, 2.9102, 0.1440
2.6618, 2.7566, 0.0948
2.5672, 2.5086, 0.0586
2.4892, 2.4277, 0.0615
2.4338, 2.4023, 0.0315
2.4053, 2.3834, 0.0219
2.4067, 2.4474, 0.0407
2.4391, 2.3828, 0.0563
2.5016, 2.4054, 0.0962
2.5912, 2.5426, 0.0486
2.7033, 2.6544, 0.0489
2.8320, 2.7483, 0.0837
2.9702, 3.1905, 0.2203
3.1103, 3.1672, 0.0569
3.2444, 3.1020, 0.1424
3.3653, 3.4060, 0.0407
3.4664, 3.5112, 0.0448
3.5426, 3.5664, 0.0238
3.5904, 3.5832, 0.0072
3.6082, 3.6391, 0.0309
3.5964, 3.6483, 0.0519
3.5573, 3.6074, 0.0501
3.4951, 3.6433, 0.1482
3.4154, 3.3080, 0.1074
3.3251, 3.4084, 0.0833
3.2319, 3.4701, 0.2382
3.1435, 2.9282, 0.2153
3.0675, 3.0674, 0.0001
3.0104, 2.9116, 0.0988
2.9778, 2.9935, 0.0157
2.9734, 2.9031, 0.0703
2.9991, 3.0407, 0.0416
3.0549, 3.0909, 0.0360
3.1386, 3.2373, 0.0987
3.2462, 3.2558, 0.0096
3.3720, 3.2916, 0.0804
3.5092, 3.8428, 0.3336
3.6501, 3.6590, 0.0089
3.7870, 3.6730, 0.1140
3.9120, 3.9619, 0.0499
4.0183, 4.0635, 0.0452
4.1002, 4.0984, 0.0018
4.1536, 4.2292, 0.0756
4.1764, 4.1750, 0.0014
4.1684, 4.2323, 0.0639
4.1313, 4.1651, 0.0338
4.0688, 4.2115, 0.1427
3.9865, 3.9836, 0.0029
3.8908, 3.9766, 0.0858
3.7893, 3.8001, 0.0108
3.6900, 3.4963, 0.1937
3.6003, 3.5434, 0.0569
3.5273, 3.4797, 0.0476
3.4766, 3.5459, 0.0693
3.4525, 3.4712, 0.0187
3.4574, 3.5666, 0.1092
3.4914, 3.3867, 0.1047
3.5531, 3.7004, 0.1473
3.6387, 3.4120, 0.2267
3.7430, 3.6141, 0.1289
3.8596, 3.8817, 0.0221
3.9812, 4.2989, 0.3177
4.1001, 4.2989, 0.1988
4.2089, 4.0713, 0.1376
4.3010, 4.3179, 0.0169
4.3708, 4.4300, 0.0592
4.4144, 4.4367, 0.0223
4.4297, 4.4487, 0.0190
4.4165, 4.4444, 0.0279
4.3766, 4.4724, 0.0958
4.3140, 4.3884, 0.0744
4.2338, 4.3636, 0.1298
4.1427, 4.1858, 0.0431
4.0480, 4.2569, 0.2089
3.9574, 4.0056, 0.0482
3.8786, 3.9617, 0.0831
3.8183, 3.9471, 0.1288
3.7820, 3.7887, 0.0067
3.7738, 3.6625, 0.1113
3.7958, 3.7445, 0.0513
3.8484, 3.7775, 0.0709
3.9297, 3.9082, 0.0215
4.0360, 3.7840, 0.2520
4.1620, 4.0612, 0.1008
4.3011, 4.2445, 0.0566
4.4460, 4.5407, 0.0947
4.5890, 4.4687, 0.1203
4.7226, 4.7142, 0.0084
4.8399, 4.9076, 0.0677
4.9353, 4.9235, 0.0118
5.0047, 5.0974, 0.0927
5.0455, 5.0285, 0.0170
5.0574, 5.0962, 0.0388
5.0418, 5.0093, 0.0325
5.0019, 5.0949, 0.0930
4.9426, 4.8547, 0.0879
4.8699, 4.8442, 0.0257
4.7908, 4.8556, 0.0648
4.7124, 4.6492, 0.0632
4.6420, 4.7549, 0.1129
4.5858, 4.4803, 0.1055
4.5492, 4.3141, 0.2351
4.5363, 4.6622, 0.1259
4.5490, 4.4808, 0.0682
4.5880, 4.4332, 0.1548
4.6515, 4.6525, 0.0010
4.7364, 4.6741, 0.0623
4.8379, 4.7035, 0.1344
4.9501, 4.9772, 0.0271
5.0663, 5.2860, 0.2197
5.1796, 5.2409, 0.0613
5.2833, 5.3353, 0.0520
5.3713, 5.4039, 0.0326
5.4387, 5.4460, 0.0073
5.4819, 5.5235, 0.0416
5.4991, 5.5132, 0.0141
5.4902, 5.5375, 0.0473
5.4571, 5.4874, 0.0303
5.4031, 5.4995, 0.0964
5.3331, 5.4130, 0.0799
5.2532, 5.2588, 0.0056
5.1701, 5.1893, 0.0192
5.0907, 4.9548, 0.1359
5.0218, 5.0380, 0.0162
4.9692, 4.9415, 0.0277
4.9380, 4.9390, 0.0010
4.9314, 4.9347, 0.0033
4.9512, 4.9236, 0.0276
4.9972, 5.0787, 0.0815
5.0673, 4.9927, 0.0746
5.1580, 5.2054, 0.0474
5.2640, 5.3000, 0.0360
5.3791, 5.5069, 0.1278
5.4965, 5.5364, 0.0399
5.6088, 5.5183, 0.0905
5.7094, 5.7198, 0.0104
5.7919, 5.7903, 0.0016
5.8514, 5.8689, 0.0175
5.8843, 5.9329, 0.0486
5.8888, 5.9158, 0.0270
5.8647, 5.9270, 0.0623
5.8137, 5.8483, 0.0346
5.7391, 5.6968, 0.0423
5.6458, 5.7353, 0.0895
5.5394, 5.6190, 0.0796
5.4266, 5.4733, 0.0467
5.3140, 5.3025, 0.0115
5.2083, 5.2010, 0.0073
5.1152, 5.2542, 0.1390
5.0395, 5.0397, 0.0002
4.9847, 4.8606, 0.1241
4.9526, 4.9732, 0.0206
4.9435, 4.8918, 0.0517
4.9558, 4.9854, 0.0296
4.9867, 5.2105, 0.2238
5.0318, 5.1212, 0.0894
5.0861, 4.9061, 0.1800
5.1440, 5.3159, 0.1719
5.1996, 4.9527, 0.2469
5.2474, 5.5706, 0.3232
5.2827, 5.6145, 0.3318
5.3019, 5.3626, 0.0607
5.3026, 5.4566, 0.1540
5.2842, 5.2331, 0.0511
5.2473, 5.2109, 0.0364
5.1944, 5.2106, 0.0162
5.1292, 5.1262, 0.0030
5.0568, 5.0550, 0.0018
4.9827, 5.0162, 0.0335
4.9134, 4.9248, 0.0114
4.8548, 4.8996, 0.0448
4.8129, 4.8171, 0.0042
4.7924, 4.7638, 0.0286
4.7972, 4.8057, 0.0085
4.8295, 4.8187, 0.0108
4.8900, 4.8749, 0.0151
4.9775, 4.9365, 0.0410
5.0892, 4.9995, 0.0897
5.2208, 5.1650, 0.0558
5.3667, 5.3889, 0.0222
5.5205, 5.3861, 0.1344
5.6753, 5.6286, 0.0467
5.8241, 5.8178, 0.0063
5.9601, 5.9762, 0.0161
6.0778, 6.0699, 0.0079
6.1723, 6.2079, 0.0356
6.2408, 6.2178, 0.0230
6.2818, 6.3150, 0.0332
6.2957, 6.2775, 0.0182
6.2844, 6.2262, 0.0582
6.2517, 6.2267, 0.0250
6.2025, 6.0460, 0.1565
6.1427, 6.0937, 0.0490
6.0790, 6.0937, 0.0147
6.0179, 6.1039, 0.0860
5.9659, 5.9980, 0.0321
5.9284, 5.8417, 0.0867
5.9100, 5.9197, 0.0097
5.9136, 5.9845, 0.0709
5.9406, 5.9009, 0.0397
5.9905, 5.9874, 0.0031
6.0613, 5.9316, 0.1297
6.1492, 6.0301, 0.1191
6.2492, 6.2043, 0.0449
6.3551, 6.4141, 0.0590
6.4605, 6.4592, 0.0013
6.5584, 6.5990, 0.0406
6.6426, 6.6984, 0.0558
6.7071, 6.7470, 0.0399
6.7474, 6.7748, 0.0274
6.7604, 6.8089, 0.0485
6.7444, 6.7885, 0.0441
6.6997, 6.7044, 0.0047
6.6282, 6.6875, 0.0593
6.5332, 6.6138, 0.0806
6.4196, 6.5481, 0.1285
6.2932, 6.2891, 0.0041
6.1603, 6.0184, 0.1419
6.0277, 5.9948, 0.0329
5.9016, 5.8875, 0.0141
5.7877, 5.9987, 0.2110
5.6907, 5.6620, 0.0287
5.6138, 5.5761, 0.0377
5.5587, 5.5237, 0.0350
5.5256, 5.4455, 0.0801
5.5127, 5.5239, 0.0112
5.5172, 5.6972, 0.1800
5.5347, 5.6276, 0.0929
5.5599, 5.4795, 0.0804
5.5873, 5.5812, 0.0061
5.6111, 5.5248, 0.0863
5.6257, 5.6989, 0.0732
5.6265, 5.5322, 0.0943
5.6099, 5.8083, 0.1984
5.5734, 5.6775, 0.1041
5.5165, 5.7209, 0.2044
5.4400, 5.5702, 0.1302
5.3462, 5.4369, 0.0907
5.2389, 5.2507, 0.0118
5.1231, 5.0410, 0.0821
5.0043, 4.9249, 0.0794
4.8888, 4.9070, 0.0182
4.7824, 4.7430, 0.0394
4.6909, 4.6906, 0.0003
4.6190, 4.5759, 0.0431
4.5700, 4.5158, 0.0542
4.5462, 4.4910, 0.0552
4.5479, 4.5691, 0.0212
4.5739, 4.5481, 0.0258
4.6214, 4.6094, 0.0120
4.6859, 4.6161, 0.0698
4.7621, 4.7399, 0.0222
4.8438, 4.6441, 0.1997
4.9245, 4.8948, 0.0297
4.9976, 4.9229, 0.0747
5.0571, 5.0252, 0.0319
5.0982, 5.1326, 0.0344
5.1172, 5.0893, 0.0279
5.1117, 5.3557, 0.2440
5.0815, 5.0642, 0.0173
5.0277, 5.2013, 0.1736
4.9533, 4.9671, 0.0138
4.8630, 4.7940, 0.0690
4.7623, 4.7703, 0.0080
4.6578, 4.8032, 0.1454
4.5565, 4.5781, 0.0216
4.4654, 4.4182, 0.0472
4.3909, 4.3876, 0.0033
4.3383, 4.3046, 0.0337
4.3120, 4.3101, 0.0019
4.3143, 4.3535, 0.0392
4.3461, 4.4660, 0.1199
4.4064, 4.5394, 0.1330
4.4921, 4.4957, 0.0036
4.5987, 4.5581, 0.0406
4.7205, 4.7336, 0.0131
4.8506, 4.8554, 0.0048
4.9818, 5.0085, 0.0267
5.1066, 5.0003, 0.1063
5.2184, 5.2332, 0.0148
5.3112, 5.2930, 0.0182
5.3804, 5.3829, 0.0025
5.4231, 5.3974, 0.0257
5.4384, 5.4398, 0.0014
5.4272, 5.3772, 0.0500
5.3926, 5.3908, 0.0018
5.3393, 5.2126, 0.1267
5.2739, 5.2578, 0.0161
5.2042, 5.1210, 0.0832
5.1387, 5.0861, 0.0526
5.0866, 5.2185, 0.1319
5.0567, 4.9321, 0.1246
5.0575, 4.9925, 0.0650
5.0964, 4.9789, 0.1175
5.1796, 5.0470, 0.1326
5.3114, 5.1892, 0.1222
5.4946, 5.3252, 0.1694
5.7297, 5.6172, 0.1125
6.0155, 5.9839, 0.0316
6.3489, 6.2093, 0.1396
6.7251, 6.7115, 0.0136
7.1380, 7.0623, 0.0757
7.5802, 7.6162, 0.0360
8.0437, 8.0445, 0.0008
8.5201, 8.5342, 0.0141
9.0008, 8.9447, 0.0561
9.4774, 9.4843, 0.0069
9.9418, 9.9279, 0.0139
10.3867, 10.3849, 0.0018
10.8053, 10.7006, 0.1047
11.1920, 11.1836, 0.0084
11.5417, 11.4650, 0.0767
11.8506, 11.8400, 0.0106
12.1154, 12.0143, 0.1011
12.3337, 12.3293, 0.0044
12.5038, 12.3912, 0.1126
12.6246, 12.6378, 0.0132
12.6953, 12.7116, 0.0163
12.7156, 12.7607, 0.0451
12.6858, 12.8339, 0.1481
12.6061, 12.7260, 0.1199
12.4774, 12.5112, 0.0338
12.3007, 12.6744, 0.3737
12.0774, 12.0469, 0.0305
11.8094, 11.6282, 0.1812
11.4993, 11.2737, 0.2256
11.1499, 11.2409, 0.0910
10.7649, 10.1741, 0.5908
10.3487, 10.2157, 0.1330
9.9062, 9.9331, 0.0269
9.4430, 9.3518, 0.0912
8.9655, 9.0365, 0.0710
8.4803, 8.6122, 0.1319
7.9944, 7.9996, 0.0052
7.5152, 7.3882, 0.1270
7.0499, 7.0607, 0.0108
6.6054, 6.4091, 0.1963
6.1881, 6.2131, 0.0250
5.8038, 5.7958, 0.0080
5.4571, 5.4817, 0.0246
5.1519, 5.3954, 0.2435
4.8902, 4.8456, 0.0446
4.6732, 4.7924, 0.1192
4.5004, 4.5019, 0.0015
4.3700, 4.5511, 0.1811
4.2790, 4.2539, 0.0251
4.2232, 4.1888, 0.0344
4.1976, 4.1343, 0.0633
4.1967, 4.1952, 0.0015
4.2146, 4.1008, 0.1138
4.2454, 4.1850, 0.0604
4.2833, 4.0688, 0.2145
4.3236, 4.1231, 0.2005
4.3617, 4.0214, 0.3403
4.3947, 4.4742, 0.0795
4.4201, 4.2077, 0.2124
4.4369, 4.4194, 0.0175
4.4451, 4.1860, 0.2591
4.4455, 4.2620, 0.1835
4.4400, 4.2538, 0.1862
4.4311, 4.4058, 0.0253
4.4216, 4.4872, 0.0656
4.4143, 4.4369, 0.0226
4.4121, 4.1925, 0.2196
4.4173, 4.6286, 0.2113
4.4315, 4.5240, 0.0925
4.4557, 4.3390, 0.1167
4.4898, 4.4090, 0.0808
4.5327, 4.4877, 0.0450
4.5821, 4.5333, 0.0488
4.6352, 4.6161, 0.0191
4.6880, 4.6789, 0.0091
4.7362, 4.7618, 0.0256
4.7753, 4.7913, 0.0160
4.8004, 4.7732, 0.0272
4.8075, 4.8542, 0.0467
4.7925, 4.8472, 0.0547
4.7530, 4.7474, 0.0056
4.6867, 4.6406, 0.0461
4.5933, 4.6051, 0.0118
4.4737, 4.4118, 0.0619
4.3301, 4.3894, 0.0593
4.1659, 4.1737, 0.0078
3.9858, 4.0893, 0.1035
3.7952, 3.8919, 0.0967
3.6002, 3.6607, 0.0605
3.4073, 3.4771, 0.0698
3.2229, 3.3028, 0.0799
3.0528, 3.0434, 0.0094
2.9022, 2.8092, 0.0930
2.7752, 2.7637, 0.0115
2.6746, 2.7707, 0.0961
2.6019, 2.5910, 0.0109
2.5570, 2.5536, 0.0034
2.5384, 2.5313, 0.0071
2.5434, 2.5926, 0.0492
2.5685, 2.5645, 0.0040
2.6091, 2.7458, 0.1367
2.6605, 2.6711, 0.0106
2.7177, 2.4501, 0.2676
2.7763, 2.8207, 0.0444
2.8323, 3.0151, 0.1828
2.8827, 2.9742, 0.0915
2.9255, 2.8970, 0.0285
2.9601, 3.0967, 0.1366
2.9869, 2.9659, 0.0210
3.0076, 3.1682, 0.1606
3.0247, 3.0104, 0.0143
3.0415, 2.7649, 0.2766
3.0619, 2.9411, 0.1208
3.0899, 2.9955, 0.0944
3.1289, 3.0461, 0.0828
3.1821, 3.1378, 0.0443
3.2516, 3.1506, 0.1010
3.3386, 3.2712, 0.0674
3.4429, 3.3536, 0.0893
3.5628, 3.4513, 0.1115
3.6957, 3.6188, 0.0769
3.8375, 3.8458, 0.0083
3.9833, 3.9105, 0.0728
4.1276, 4.1449, 0.0173
4.2646, 4.2712, 0.0066
4.3884, 4.4101, 0.0217
4.4938, 4.5192, 0.0254
4.5761, 4.6021, 0.0260
4.6321, 4.6758, 0.0437
4.6595, 4.6958, 0.0363
4.6579, 4.7288, 0.0709
4.6282, 4.6926, 0.0644
4.5729, 4.6729, 0.1000
4.4956, 4.5991, 0.1035
4.4015, 4.6104, 0.2089
4.2962, 4.3538, 0.0576
4.1857, 4.3045, 0.1188
4.0763, 4.1770, 0.1007
3.9736, 4.0381, 0.0645
3.8829, 4.0352, 0.1523
3.8081, 3.6531, 0.1550
3.7520, 3.8180, 0.0660
3.7157, 3.7734, 0.0577
3.6991, 3.8131, 0.1140
3.7003, 3.5186, 0.1817
3.7163, 3.6730, 0.0433
3.7428, 3.7888, 0.0460
3.7751, 3.6611, 0.1140
3.8079, 3.9028, 0.0949
3.8360, 3.7084, 0.1276
3.8546, 3.7861, 0.0685
3.8598, 4.0354, 0.1756
3.8486, 3.9301, 0.0815
3.8197, 3.9809, 0.1612
3.7729, 3.7521, 0.0208
3.7099, 3.9213, 0.2114
3.6335, 3.5894, 0.0441
3.5480, 3.5946, 0.0466
3.4588, 3.4965, 0.0377
3.3718, 3.3147, 0.0571
3.2934, 3.3212, 0.0278
3.2296, 3.2171, 0.0125
3.1862, 3.2027, 0.0165
3.1678, 3.1353, 0.0325
3.1778, 3.1872, 0.0094
3.2179, 3.1866, 0.0313
3.2885, 3.3046, 0.0161
3.3879, 3.3046, 0.0833
3.5129, 3.5142, 0.0013
3.6588, 3.6217, 0.0371
3.8197, 3.6348, 0.1849
3.9888, 3.9064, 0.0824
4.1591, 4.1469, 0.0122
4.3232, 4.3524, 0.0292
4.4747, 4.5079, 0.0332
4.6077, 4.6571, 0.0494
4.7178, 4.7266, 0.0088
4.8022, 4.7824, 0.0198
4.8595, 4.8485, 0.0110
4.8904, 4.8546, 0.0358
4.8972, 4.8775, 0.0197
4.8839, 4.9347, 0.0508
4.8557, 4.7900, 0.0657
4.8190, 4.9448, 0.1258
4.7807, 4.6480, 0.1327
4.7478, 4.8362, 0.0884
4.7272, 4.5738, 0.1534
4.7251, 4.5370, 0.1881
4.7465, 4.5869, 0.1596
4.7951, 4.6350, 0.1601
4.8729, 4.5724, 0.3005
4.9803, 4.8953, 0.0850
5.1161, 4.9784, 0.1377
5.2773, 5.3787, 0.1014
5.4593, 5.3870, 0.0723
5.6566, 5.7544, 0.0978
5.8627, 5.9430, 0.0803
6.0706, 6.1601, 0.0895
6.2732, 6.3526, 0.0794
6.4636, 6.5502, 0.0866
6.6356, 6.6958, 0.0602
6.7837, 6.8310, 0.0473
6.9037, 6.9704, 0.0667
6.9925, 7.0560, 0.0635
7.0484, 7.0580, 0.0096
7.0712, 7.1344, 0.0632
7.0616, 7.0721, 0.0105
7.0220, 7.0642, 0.0422
6.9553, 7.0358, 0.0805
6.8654, 7.0015, 0.1361
6.7566, 6.9884, 0.2318
6.6334, 6.8406, 0.2072
6.5001, 6.5825, 0.0824
6.3611, 6.3452, 0.0159
6.2199, 6.1016, 0.1183
6.0796, 6.3073, 0.2277
5.9426, 5.8662, 0.0764
5.8101, 5.7621, 0.0480
5.6831, 5.7895, 0.1064
5.5614, 5.7032, 0.1418
5.4446, 5.5810, 0.1364
5.3314, 5.4277, 0.0963
5.2206, 5.1802, 0.0404
5.1107, 5.1647, 0.0540
5.0001, 4.9433, 0.0568
4.8877, 4.9562, 0.0685
4.7725, 4.8925, 0.1200
4.6540, 4.6442, 0.0098
4.5321, 4.6020, 0.0699
4.4072, 4.4057, 0.0015
4.2802, 4.2839, 0.0037
4.1522, 4.1475, 0.0047
4.0247, 4.0374, 0.0127
3.8994, 3.8946, 0.0048
3.7775, 3.7677, 0.0098
3.6603, 3.6551, 0.0052
3.5487, 3.5381, 0.0106
3.4429, 3.4380, 0.0049
3.3425, 3.3489, 0.0064
3.2467, 3.2435, 0.0032
3.1537, 3.1815, 0.0278
3.0615, 3.0622, 0.0007
2.9674, 2.9713, 0.0039
2.8687, 2.8745, 0.0058
2.7626, 2.8323, 0.0697
2.6467, 2.6569, 0.0102
2.5190, 2.5409, 0.0219
2.3780, 2.3904, 0.0124
2.2236, 2.1867, 0.0369
2.0564, 2.0667, 0.0103
1.8784, 1.9400, 0.0616
1.6928, 1.6631, 0.0297
1.5037, 1.4725, 0.0312
1.3166, 1.3102, 0.0064
1.1373, 1.0938, 0.0435
0.9722, 0.9550, 0.0172
0.8280, 0.7731, 0.0549
0.7109, 0.6832, 0.0277
0.6264, 0.5665, 0.0599
0.5792, 0.5429, 0.0363
0.5725, 0.5669, 0.0056
0.6080, 0.5085, 0.0995
0.6856, 0.6526, 0.0330
0.8035, 0.5420, 0.2615
0.9580, 0.8445, 0.1135
1.1440, 0.8936, 0.2504
1.3550, 1.0989, 0.2561
1.5835, 1.1485, 0.4350
1.8215, 1.8189, 0.0026
2.0608, 1.6621, 0.3987
2.2935, 2.1510, 0.1425
2.5125, 2.7465, 0.2340
2.7118, 2.7222, 0.0104
2.8868, 2.9645, 0.0777
3.0346, 2.9565, 0.0781
3.1539, 3.1555, 0.0016
3.2453, 3.1557, 0.0896
3.3110, 3.2557, 0.0553
3.3547, 3.3562, 0.0015
3.3810, 3.2879, 0.0931
3.3956, 3.3726, 0.0230
3.4046, 3.2561, 0.1485
3.4139, 3.5247, 0.1108
3.4294, 3.3136, 0.1158
3.4558, 3.4503, 0.0055
3.4972, 3.2326, 0.2646
3.5565, 3.5379, 0.0186
3.6351, 3.6222, 0.0129
3.7332, 3.6999, 0.0333
3.8495, 3.8187, 0.0308
3.9817, 3.9328, 0.0489
4.1266, 4.0734, 0.0532
4.2801, 4.2065, 0.0736
4.4378, 4.3573, 0.0805
4.5950, 4.4787, 0.1163
4.7475, 4.8272, 0.0797
4.8912, 4.8731, 0.0181
5.0227, 5.0828, 0.0601
5.1394, 5.1530, 0.0136
5.2396, 5.2049, 0.0347
5.3226, 5.3045, 0.0181
5.3883, 5.3961, 0.0078
5.4380, 5.4693, 0.0313
5.4732, 5.4778, 0.0046
5.4963, 5.4897, 0.0066
5.5098, 5.5198, 0.0100
5.5167, 5.4991, 0.0176
5.5197, 5.5274, 0.0077
5.5213, 5.4541, 0.0672
5.5237, 5.5242, 0.0005
5.5286, 5.3668, 0.1618
5.5369, 5.5690, 0.0321
5.5488, 5.5025, 0.0463
5.5640, 5.5159, 0.0481
5.5815, 5.4596, 0.1219
5.5996, 5.4841, 0.1155
5.6164, 5.5099, 0.1065
5.6298, 5.7162, 0.0864
5.6373, 5.7188, 0.0815
5.6367, 5.6439, 0.0072
5.6263, 5.6514, 0.0251
5.6046, 5.6280, 0.0234
5.5707, 5.6449, 0.0742
5.5246, 5.6547, 0.1301
5.4667, 5.6131, 0.1464
5.3986, 5.4961, 0.0975
5.3224, 5.3817, 0.0593
5.2408, 5.2484, 0.0076
5.1573, 5.1644, 0.0071
5.0754, 5.0781, 0.0027
4.9990, 5.0014, 0.0024
4.9317, 4.9267, 0.0050
4.8768, 4.8700, 0.0068
4.8372, 4.8215, 0.0157
4.8149, 4.7976, 0.0173
4.8113, 4.7827, 0.0286
4.8266, 4.7944, 0.0322
4.8602, 4.8190, 0.0412
4.9104, 4.8131, 0.0973
4.9748, 4.9764, 0.0016
5.0500, 4.8861, 0.1639
5.1324, 5.1006, 0.0318
5.2178, 5.0993, 0.1185
5.3020, 5.2489, 0.0531
5.3810, 5.2593, 0.1217
5.4508, 5.3417, 0.1091
5.5085, 5.5992, 0.0907
5.5513, 5.5494, 0.0019
5.5776, 5.5580, 0.0196
5.5865, 5.5882, 0.0017
5.5778, 5.5248, 0.0530
5.5522, 5.5868, 0.0346
5.5109, 5.4529, 0.0580
5.4559, 5.2758, 0.1801
5.3890, 5.4255, 0.0365
5.3124, 5.3356, 0.0232
5.2281, 5.3356, 0.1075
5.1378, 5.2380, 0.1002
5.0426, 5.2195, 0.1769
4.9433, 5.1321, 0.1888
4.8398, 5.1232, 0.2834
4.7316, 4.7367, 0.0051
4.6176, 4.6254, 0.0078
4.4964, 4.5364, 0.0400
4.3662, 4.3714, 0.0052
4.2253, 4.2095, 0.0158
4.0722, 4.1035, 0.0313
3.9057, 3.9385, 0.0328
3.7255, 3.7909, 0.0654
3.5321, 3.5984, 0.0663
3.3270, 3.3665, 0.0395
3.1127, 3.2043, 0.0916
2.8926, 2.9784, 0.0858
2.6714, 2.6528, 0.0186
2.4544, 2.5930, 0.1386
2.2476, 2.2220, 0.0256
2.0572, 2.0017, 0.0555
1.8896, 1.8583, 0.0313
1.7506, 1.7937, 0.0431
1.6455, 1.6087, 0.0368
1.5786, 1.6374, 0.0588
1.5527, 1.5706, 0.0179
1.5693, 1.4756, 0.0937
1.6281, 1.6902, 0.0621
1.7271, 1.5154, 0.2117
1.8627, 2.0267, 0.1640
2.0298, 1.9482, 0.0816
2.2221, 2.2009, 0.0212
2.4323, 2.1320, 0.3003
2.6527, 2.5225, 0.1302
2.8751, 3.0034, 0.1283
3.0918, 2.7681, 0.3237
3.2954, 3.3433, 0.0479
3.4799, 3.3679, 0.1120
3.6400, 3.5770, 0.0630
3.7723, 3.7675, 0.0048
3.8744, 3.8693, 0.0051
3.9458, 3.8728, 0.0730
3.9875, 4.0157, 0.0282
4.0016, 4.0403, 0.0387
3.9914, 3.9663, 0.0251
3.9610, 4.0689, 0.1079
3.9148, 3.8429, 0.0719
3.8574, 4.0097, 0.1523
3.7931, 3.6891, 0.1040
3.7256, 3.9103, 0.1847
3.6580, 3.6984, 0.0404
3.5920, 3.5862, 0.0058
3.5285, 3.5703, 0.0418
3.4672, 3.3861, 0.0811
3.4068, 3.4530, 0.0462
3.3452, 3.0737, 0.2715
3.2797, 3.3427, 0.0630
3.2071, 3.5183, 0.3112
3.1245, 3.2285, 0.1040
3.0291, 3.1718, 0.1427
2.9189, 3.0391, 0.1202
2.7929, 2.8499, 0.0570
2.6509, 2.7041, 0.0532
2.4944, 2.5586, 0.0642
2.3260, 2.3440, 0.0180
2.1494, 2.1769, 0.0275
1.9695, 2.0116, 0.0421
1.7919, 1.7722, 0.0197
1.6230, 1.5773, 0.0457
1.4688, 1.4421, 0.0267
1.3353, 1.2784, 0.0569
1.2277, 1.1970, 0.0307
1.1502, 1.1570, 0.0068
1.1053, 1.0791, 0.0262
1.0941, 1.0948, 0.0007
1.1160, 1.0838, 0.0322
1.1683, 1.1638, 0.0045
1.2468, 1.1900, 0.0568
1.3460, 1.3354, 0.0106
1.4590, 1.2768, 0.1822
1.5784, 1.5702, 0.0082
1.6966, 1.7472, 0.0506
1.8063, 1.8225, 0.0162
1.9005, 2.0987, 0.1982
1.9739, 2.0498, 0.0759
2.0226, 1.8096, 0.2130
2.0442, 1.9508, 0.0934
2.0385, 2.2606, 0.2221
2.0072, 2.1096, 0.1024
1.9537, 1.8899, 0.0638
1.8831, 1.8618, 0.0213
1.8020, 1.8592, 0.0572
1.7175, 1.6634, 0.0541
1.6372, 1.7158, 0.0786
1.5683, 1.4624, 0.1059
1.5177, 1.5044, 0.0133
1.4910, 1.4905, 0.0005
1.4923, 1.4873, 0.0050
1.5241, 1.5035, 0.0206
1.5866, 1.6238, 0.0372
1.6782, 1.6503, 0.0279
1.7953, 1.9284, 0.1331
1.9329, 1.8361, 0.0968
2.0842, 2.0524, 0.0318
2.2416, 2.2133, 0.0283
2.3972, 2.3626, 0.0346
2.5429, 2.5435, 0.0006
2.6710, 2.7087, 0.0377
2.7751, 2.7819, 0.0068
2.8497, 2.8695, 0.0198
2.8912, 2.9064, 0.0152
2.8978, 2.9403, 0.0425
2.8693, 2.8872, 0.0179
2.8074, 2.8872, 0.0798
2.7156, 2.8332, 0.1176
2.5989, 2.8106, 0.2117
2.4633, 2.4451, 0.0182
2.3155, 2.4426, 0.1271
2.1627, 2.2474, 0.0847
2.0119, 2.4585, 0.4466
1.8699, 2.0795, 0.2096
1.7425, 1.6498, 0.0927
1.6346, 1.9123, 0.2777
1.5499, 1.5545, 0.0046
1.4909, 1.4646, 0.0263
1.4585, 1.5092, 0.0507
1.4526, 1.4435, 0.0091
1.4721, 1.3605, 0.1116
1.5148, 1.4780, 0.0368
1.5779, 1.4542, 0.1237
1.6584, 1.5390, 0.1194
1.7528, 1.8703, 0.1175
1.8580, 1.9190, 0.0610
1.9710, 2.1801, 0.2091
2.0893, 2.0934, 0.0041
2.2109, 2.2371, 0.0262
2.3344, 2.1498, 0.1846
2.4588, 2.5018, 0.0430
2.5840, 2.3899, 0.1941
2.7099, 2.7443, 0.0344
2.8369, 2.8354, 0.0015
2.9654, 2.8974, 0.0680
3.0958, 3.0168, 0.0790
3.2283, 3.1244, 0.1039
3.3625, 3.2691, 0.0934
3.4975, 3.4341, 0.0634
3.6318, 3.5773, 0.0545
3.7633, 3.7168, 0.0465
3.8892, 3.8174, 0.0718
4.0063, 4.0220, 0.0157
4.1108, 4.0661, 0.0447
4.1988, 4.2195, 0.0207
4.2666, 4.2242, 0.0424
4.3105, 4.3351, 0.0246
4.3277, 4.3785, 0.0508
4.3160, 4.3445, 0.0285
4.2741, 4.2615, 0.0126
4.2023, 4.2642, 0.0619
4.1018, 4.0894, 0.0124
3.9752, 4.1014, 0.1262
3.8265, 3.8315, 0.0050
3.6606, 3.7257, 0.0651
3.4834, 3.5315, 0.0481
3.3013, 3.6164, 0.3151
3.1212, 3.2257, 0.1045
2.9497, 2.9878, 0.0381
2.7930, 2.6908, 0.1022
2.6563, 2.7192, 0.0629
2.5440, 2.4989, 0.0451
2.4587, 2.3416, 0.1171
2.4016, 2.3654, 0.0362
2.3723, 2.3434, 0.0289
2.3686, 2.2620, 0.1066
2.3870, 2.3271, 0.0599
2.4226, 2.6037, 0.1811
2.4700, 2.3249, 0.1451
2.5228, 2.3551, 0.1677
2.5748, 2.5234, 0.0514
2.6203, 2.7900, 0.1697
2.6540, 2.8327, 0.1787
2.6718, 2.6259, 0.0459
2.6712, 2.7120, 0.0408
2.6510, 2.8498, 0.1988
2.6120, 2.7702, 0.1582
2.5563, 2.5818, 0.0255
2.4876, 2.5444, 0.0568
2.4111, 2.5244, 0.1133
2.3325, 2.3657, 0.0332
2.2584, 2.2317, 0.0267
2.1950, 2.2168, 0.0218
2.1486, 2.1129, 0.0357
2.1245, 2.1461, 0.0216
2.1265, 2.0490, 0.0775
2.1573, 2.1133, 0.0440
2.2176, 2.1367, 0.0809
2.3065, 2.2791, 0.0274
2.4208, 2.2469, 0.1739
2.5559, 2.3527, 0.2032
2.7059, 2.7405, 0.0346
2.8638, 2.7613, 0.1025
3.0217, 3.0210, 0.0007
3.1720, 3.1665, 0.0055
3.3072, 3.3101, 0.0029
3.4209, 3.4184, 0.0025
3.5076, 3.5162, 0.0086
3.5640, 3.5653, 0.0013
3.5883, 3.6145, 0.0262
3.5808, 3.5841, 0.0033
3.5437, 3.5773, 0.0336
3.4813, 3.5211, 0.0398
3.3992, 3.4975, 0.0983
3.3044, 3.3916, 0.0872
3.2048, 3.3597, 0.1549
3.1083, 3.1146, 0.0063
3.0226, 3.0922, 0.0696
2.9547, 3.0088, 0.0541
2.9104, 2.8211, 0.0893
2.8938, 3.0093, 0.1155
2.9070, 2.8802, 0.0268
2.9504, 2.7572, 0.1932
3.0220, 3.0829, 0.0609
3.1180, 3.1838, 0.0658
3.2331, 3.3188, 0.0857
3.3607, 3.3841, 0.0234
3.4933, 3.5850, 0.0917
3.6232, 3.6436, 0.0204
3.7431, 3.7790, 0.0359
3.8459, 3.8707, 0.0248
3.9263, 3.9707, 0.0444
3.9803, 4.0189, 0.0386
4.0057, 4.0398, 0.0341
4.0022, 4.0392, 0.0370
3.9718, 3.9572, 0.0146
3.9181, 4.0061, 0.0880
3.8462, 3.8140, 0.0322
3.7627, 3.5601, 0.2026
3.6748, 3.6258, 0.0490
3.5903, 3.7887, 0.1984
3.5164, 3.4545, 0.0619
3.4598, 3.5059, 0.0461
3.4260, 3.4793, 0.0533
3.4188, 3.3539, 0.0649
3.4403, 3.4763, 0.0360
3.4907, 3.6369, 0.1462
3.5681, 3.5395, 0.0286
3.6686, 3.6274, 0.0412
3.7869, 3.8818, 0.0949
3.9164, 3.8796, 0.0368
4.0494, 4.0481, 0.0013
4.1783, 4.0996, 0.0787
4.2953, 4.2950, 0.0003
4.3932, 4.4368, 0.0436
4.4662, 4.4696, 0.0034
4.5096, 4.5647, 0.0551
4.5209, 4.5307, 0.0098
4.4990, 4.5721, 0.0731
4.4451, 4.4796, 0.0345
4.3618, 4.3495, 0.0123
4.2539, 4.2412, 0.0127
4.1270, 4.0792, 0.0478
3.9882, 3.9888, 0.0006
3.8447, 3.7868, 0.0579
3.7041, 3.7375, 0.0334
3.5733, 3.4079, 0.1654
3.4589, 3.5432, 0.0843
3.3660, 3.5303, 0.1643
3.2986, 3.3915, 0.0929
3.2589, 3.2451, 0.0138
3.2477, 3.3123, 0.0646
3.2640, 3.2425, 0.0215
3.3056, 3.4622, 0.1566
3.3688, 3.3024, 0.0664
3.4492, 3.3920, 0.0572
3.5416, 3.4290, 0.1126
3.6406, 3.4538, 0.1868
3.7409, 3.6936, 0.0473
3.8373, 3.8122, 0.0251
3.9256, 3.9222, 0.0034
4.0023, 3.8877, 0.1146
4.0648, 4.0763, 0.0115
4.1116, 4.0859, 0.0257
4.1423, 4.1449, 0.0026
4.1575, 4.2271, 0.0696
4.1583, 4.2979, 0.1396
4.1470, 4.1549, 0.0079
4.1257, 3.9757, 0.1500
4.0971, 3.9980, 0.0991
4.0635, 3.9263, 0.1372
4.0269, 3.9160, 0.1109
3.9889, 3.9453, 0.0436
3.9502, 3.9585, 0.0083
3.9109, 3.8739, 0.0370
3.8700, 3.8177, 0.0523
3.8261, 3.9131, 0.0870
3.7769, 3.7566, 0.0203
3.7200, 3.8619, 0.1419
3.6526, 3.6796, 0.0270
3.5719, 3.6531, 0.0812
3.4757, 3.6189, 0.1432
3.3623, 3.4016, 0.0393
3.2309, 3.3116, 0.0807
3.0818, 3.1867, 0.1049
2.9166, 2.9748, 0.0582
2.7379, 2.7909, 0.0530
2.5497, 2.6108, 0.0611
2.3570, 2.3366, 0.0204
2.1655, 2.1183, 0.0472
1.9816, 1.9537, 0.0279
1.8122, 1.7502, 0.0620
1.6634, 1.6306, 0.0328
1.5411, 1.5297, 0.0114
1.4501, 1.4023, 0.0478
1.3940, 1.3283, 0.0657
1.3747, 1.3374, 0.0373
1.3923, 1.3642, 0.0281
1.4452, 1.4512, 0.0060
1.5297, 1.4455, 0.0842
1.6409, 1.6395, 0.0014
1.7723, 1.5684, 0.2039
1.9164, 1.8914, 0.0250
2.0653, 1.9303, 0.1350
2.2109, 2.1601, 0.0508
2.3457, 2.4619, 0.1162
2.4628, 2.4199, 0.0429
2.5568, 2.8467, 0.2899
2.6241, 2.6068, 0.0173
2.6627, 3.0338, 0.3711
2.6726, 2.7317, 0.0591
2.6561, 2.7975, 0.1414
2.6168, 2.6678, 0.0510
2.5606, 2.4124, 0.1482
2.4940, 2.5854, 0.0914
2.4248, 2.2863, 0.1385
2.3609, 2.1785, 0.1824
2.3101, 2.2526, 0.0575
2.2796, 2.1710, 0.1086
2.2755, 2.1588, 0.1167
2.3027, 2.2786, 0.0241
2.3642, 2.3582, 0.0060
2.4613, 2.5279, 0.0666
2.5935, 2.4544, 0.1391
2.7584, 2.9195, 0.1611
2.9521, 2.9879, 0.0358
3.1692, 3.2174, 0.0482
3.4034, 3.4244, 0.0210
3.6478, 3.6674, 0.0196
3.8952, 3.9063, 0.0111
4.1388, 4.1352, 0.0036
4.3719, 4.3838, 0.0119
4.5892, 4.5694, 0.0198
4.7860, 4.7877, 0.0017
4.9592, 4.9208, 0.0384
5.1069, 5.1157, 0.0088
5.2284, 5.1768, 0.0516
5.3245, 5.3391, 0.0146
5.3969, 5.3120, 0.0849
5.4485, 5.4768, 0.0283
5.4824, 5.4834, 0.0010
5.5026, 5.5424, 0.0398
5.5127, 5.5132, 0.0005
5.5165, 5.5292, 0.0127
5.5174, 5.5191, 0.0017
5.5180, 5.5219, 0.0039
5.5205, 5.5256, 0.0051
5.5259, 5.5832, 0.0573
5.5348, 5.5444, 0.0096
5.5469, 5.5631, 0.0162
5.5609, 5.5734, 0.0125
5.5754, 5.5882, 0.0128
5.5883, 5.6827, 0.0944
5.5973, 5.6005, 0.0032
5.6002, 5.6051, 0.0049
5.5949, 5.6094, 0.0145
5.5796, 5.5958, 0.0162
5.5530, 5.6163, 0.0633
5.5145, 5.5622, 0.0477
5.4642, 5.5703, 0.1061
5.4026, 5.5192, 0.1166
5.3314, 5.4518, 0.1204
5.2525, 5.3463, 0.0938
5.1686, 5.1793, 0.0107
5.0827, 5.0974, 0.0147
4.9983, 5.0123, 0.0140
4.9186, 4.9301, 0.0115
4.8470, 4.8656, 0.0186
4.7867, 4.8086, 0.0219
4.7404, 4.7379, 0.0025
4.7104, 4.6978, 0.0126
4.6982, 4.6906, 0.0076
4.7049, 4.6798, 0.0251
4.7308, 4.7066, 0.0242
4.7757, 4.8064, 0.0307
4.8387, 4.6781, 0.1606
4.9182, 4.9589, 0.0407
5.0126, 4.8547, 0.1579
5.1197, 5.1523, 0.0326
5.2368, 5.0981, 0.1387
5.3620, 5.3171, 0.0449
5.4924, 5.2718, 0.2206
5.6259, 5.5472, 0.0787
5.7600, 5.7350, 0.0250
5.8928, 5.8384, 0.0544
6.0224, 5.9915, 0.0309
6.1473, 6.1286, 0.0187
6.2662, 6.2461, 0.0201
6.3780, 6.3529, 0.0251
6.4815, 6.5050, 0.0235
6.5760, 6.5395, 0.0365
6.6607, 6.6994, 0.0387
6.7347, 6.7372, 0.0025
6.7970, 6.7824, 0.0146
6.8468, 6.8461, 0.0007
6.8828, 6.8870, 0.0042
6.9040, 6.9031, 0.0009
6.9090, 6.8952, 0.0138
6.8965, 6.9003, 0.0038
6.8654, 6.9425, 0.0771
6.8145, 6.8407, 0.0262
6.7428, 6.9138, 0.1710
6.6498, 6.7283, 0.0785
6.5354, 6.5458, 0.0104
6.3999, 6.5695, 0.1696
6.2443, 6.3938, 0.1495
6.0702, 6.2727, 0.2025
5.8800, 6.0498, 0.1698
5.6765, 5.7108, 0.0343
5.4633, 5.5122, 0.0489
5.2444, 5.2110, 0.0334
5.0242, 4.9841, 0.0401
4.8071, 4.7518, 0.0553
4.5979, 4.5179, 0.0800
4.4008, 4.4835, 0.0827
4.2198, 4.1889, 0.0309
4.0581, 4.0472, 0.0109
3.9185, 3.8868, 0.0317
3.8026, 3.7684, 0.0342
3.7112, 3.7762, 0.0650
3.6441, 3.6006, 0.0435
3.6000, 3.5070, 0.0930
3.5771, 3.6923, 0.1152
3.5725, 3.5406, 0.0319
3.5830, 3.7418, 0.1588
3.6049, 3.5621, 0.0428
3.6345, 3.5801, 0.0544
3.6679, 3.6110, 0.0569
3.7018, 3.6095, 0.0923
3.7332, 3.6483, 0.0849
3.7597, 3.8349, 0.0752
3.7796, 3.6789, 0.1007
3.7918, 3.8559, 0.0641
3.7962, 3.8309, 0.0347
3.7932, 3.7111, 0.0821
3.7838, 3.7944, 0.0106
3.7694, 3.7081, 0.0613
3.7519, 3.7214, 0.0305
3.7332, 3.7099, 0.0233
3.7151, 3.8564, 0.1413
3.6993, 3.7316, 0.0323
3.6872, 3.6721, 0.0151
3.6799, 3.6572, 0.0227
3.6778, 3.6852, 0.0074
3.6811, 3.6857, 0.0046
3.6892, 3.7216, 0.0324
3.7013, 3.6905, 0.0108
3.7164, 3.7273, 0.0109
3.7331, 3.7413, 0.0082
3.7497, 3.7771, 0.0274
3.7651, 3.7900, 0.0249
3.7781, 3.8296, 0.0515
3.7877, 3.8064, 0.0187
3.7934, 3.8138, 0.0204
3.7953, 3.8085, 0.0132
3.7936, 3.8044, 0.0108
3.7893, 3.7601, 0.0292
3.7838, 3.7782, 0.0056
3.7785, 3.7891, 0.0106
3.7755, 3.7657, 0.0098
3.7768, 3.7724, 0.0044
3.7840, 3.7101, 0.0739
3.7989, 3.7547, 0.0442
3.8230, 3.7938, 0.0292
3.8570, 3.8233, 0.0337
3.9013, 3.8833, 0.0180
3.9555, 3.9282, 0.0273
4.0185, 3.9889, 0.0296
4.0886, 4.0432, 0.0454
4.1635, 4.0938, 0.0697
4.2405, 4.2507, 0.0102
4.3163, 4.2474, 0.0689
4.3877, 4.3719, 0.0158
4.4512, 4.4484, 0.0028
4.5039, 4.4921, 0.0118
4.5428, 4.5470, 0.0042
4.5657, 4.6030, 0.0373
4.5711, 4.5852, 0.0141
4.5581, 4.5993, 0.0412
4.5267, 4.5678, 0.0411
4.4776, 4.5752, 0.0976
4.4127, 4.5318, 0.1191
4.3340, 4.4468, 0.1128
4.2445, 4.3850, 0.1405
4.1474, 4.2636, 0.1162
4.0459, 4.2566, 0.2107
3.9435, 3.9960, 0.0525
3.8431, 3.8861, 0.0430
3.7475, 3.7484, 0.0009
3.6588, 3.6382, 0.0206
3.5782, 3.6149, 0.0367
3.5063, 3.4720, 0.0343
3.4430, 3.4528, 0.0098
3.3873, 3.3567, 0.0306
3.3378, 3.3515, 0.0137
3.2927, 3.3355, 0.0428
3.2496, 3.2656, 0.0160
3.2063, 3.2525, 0.0462
3.1607, 3.1759, 0.0152
3.1111, 3.2047, 0.0936
3.0561, 3.1091, 0.0530
2.9955, 3.0513, 0.0558
2.9292, 2.9905, 0.0613
2.8585, 2.8632, 0.0047
2.7852, 2.7861, 0.0009
2.7119, 2.7117, 0.0002
2.6418, 2.6383, 0.0035
2.5784, 2.5685, 0.0099
2.5255, 2.5159, 0.0096
2.4867, 2.4048, 0.0819
2.4654, 2.4494, 0.0160
2.4644, 2.4100, 0.0544
2.4859, 2.4634, 0.0225
2.5311, 2.4205, 0.1106
2.6001, 2.5258, 0.0743
2.6922, 2.6250, 0.0672
2.8057, 2.6208, 0.1849
2.9377, 2.7721, 0.1656
3.0849, 3.0155, 0.0694
3.2432, 3.2150, 0.0282
3.4080, 3.4290, 0.0210
3.5748, 3.5613, 0.0135
3.7393, 3.6732, 0.0661
3.8972, 3.8853, 0.0119
4.0450, 3.9544, 0.0906
4.1799, 4.1634, 0.0165
4.2996, 4.3207, 0.0211
4.4031, 4.3769, 0.0262
4.4899, 4.5225, 0.0326
4.5605, 4.5557, 0.0048
4.6161, 4.6550, 0.0389
4.6583, 4.6516, 0.0067
4.6892, 4.6824, 0.0068
4.7111, 4.7032, 0.0079
4.7261, 4.7185, 0.0076
4.7364, 4.7288, 0.0076
4.7436, 4.7382, 0.0054
4.7488, 4.7441, 0.0047
4.7525, 4.7541, 0.0016
4.7545, 4.7828, 0.0283
4.7541, 4.7675, 0.0134
4.7499, 4.8219, 0.0720
4.7399, 4.7730, 0.0331
4.7220, 4.7715, 0.0495
4.6940, 4.7637, 0.0697
4.6534, 4.5334, 0.1200
4.5983, 4.5608, 0.0375
4.5269, 4.5422, 0.0153
4.4382, 4.4124, 0.0258
4.3320, 4.4826, 0.1506
4.2087, 4.2253, 0.0166
4.0694, 4.1143, 0.0449
3.9164, 3.9336, 0.0172
3.7524, 3.7957, 0.0433
3.5809, 3.6024, 0.0215
3.4056, 3.4453, 0.0397
3.2306, 3.2360, 0.0054
3.0598, 3.0390, 0.0208
2.8971, 2.9212, 0.0241
2.7455, 2.7637, 0.0182
2.6077, 2.6364, 0.0287
2.4852, 2.5244, 0.0392
2.3789, 2.3795, 0.0006
2.2884, 2.3587, 0.0703
2.2123, 2.2159, 0.0036
2.1488, 2.2293, 0.0805
2.0949, 2.1137, 0.0188
2.0475, 2.1687, 0.1212
2.0029, 2.0438, 0.0409
1.9579, 1.8953, 0.0626
1.9092, 1.9493, 0.0401
1.8544, 1.9157, 0.0613
1.7917, 1.8608, 0.0691
1.7205, 1.7981, 0.0776
1.6409, 1.5954, 0.0455
1.5543, 1.5179, 0.0364
1.4630, 1.4695, 0.0065
1.3703, 1.3403, 0.0300
1.2801, 1.2512, 0.0289
1.1969, 1.1651, 0.0318
1.1250, 1.0995, 0.0255
1.0688, 1.0321, 0.0367
1.0319, 1.0212, 0.0107
1.0172, 1.0306, 0.0134
1.0266, 1.0160, 0.0106
1.0605, 1.0999, 0.0394
1.1181, 1.0935, 0.0246
1.1973, 1.0872, 0.1101
1.2944, 1.2005, 0.0939
1.4049, 1.2743, 0.1306
1.5233, 1.5646, 0.0413
1.6435, 1.6607, 0.0172
1.7589, 1.7283, 0.0306
1.8638, 1.9054, 0.0416
1.9525, 1.8440, 0.1085
2.0204, 2.0877, 0.0673
2.0640, 2.0252, 0.0388
2.0811, 2.0797, 0.0014
2.0714, 2.0487, 0.0227
2.0358, 1.9899, 0.0459
1.9772, 1.9774, 0.0002
1.8993, 1.9106, 0.0113
1.8074, 1.8100, 0.0026
1.7073, 1.7483, 0.0410
1.6056, 1.4797, 0.1259
1.5087, 1.6029, 0.0942
1.4226, 1.3347, 0.0879
1.3529, 1.4066, 0.0537
1.3040, 1.0781, 0.2259
1.2792, 1.3417, 0.0625
1.2802, 1.0012, 0.2790
1.3073, 1.2638, 0.0435
1.3594, 1.3402, 0.0192
1.4341, 1.2603, 0.1738
1.5276, 1.4300, 0.0976
1.6355, 1.6991, 0.0636
1.7530, 2.0347, 0.2817
1.8746, 2.0347, 0.1601
1.9955, 2.1351, 0.1396
2.1110, 2.0024, 0.1086
2.2174, 2.0108, 0.2066
2.3118, 2.3366, 0.0248
2.3926, 2.4367, 0.0441
2.4593, 2.4832, 0.0239
2.5126, 2.5136, 0.0010
2.5543, 2.4976, 0.0567
2.5871, 2.5765, 0.0106
2.6146, 2.4702, 0.1444
2.6407, 2.6090, 0.0317
2.6696, 2.6478, 0.0218
2.7053, 2.6204, 0.0849
2.7514, 2.7658, 0.0144
2.8112, 2.7532, 0.0580
2.8866, 2.9013, 0.0147
2.9790, 2.9811, 0.0021
3.0885, 3.0966, 0.0081
3.2142, 3.2118, 0.0024
3.3543, 3.3489, 0.0054
3.5060, 3.4937, 0.0123
3.6658, 3.6413, 0.0245
3.8296, 3.8047, 0.0249
3.9931, 4.0391, 0.0460
4.1520, 4.1293, 0.0227
4.3019, 4.3416, 0.0397
4.4389, 4.4215, 0.0174
4.5595, 4.5080, 0.0515
4.6609, 4.6816, 0.0207
4.7407, 4.6589, 0.0818
4.7975, 4.7386, 0.0589
4.8306, 4.8411, 0.0105
4.8397, 4.8839, 0.0442
4.8251, 4.8593, 0.0342
4.7875, 4.8470, 0.0595
4.7279, 4.8507, 0.1228
4.6470, 4.8414, 0.1944
4.5458, 4.8593, 0.3135
4.4248, 4.3452, 0.0796
4.2845, 4.6630, 0.3785
4.1247, 4.2133, 0.0886
3.9451, 4.0807, 0.1356
3.7449, 3.8944, 0.1495
3.5233, 3.7513, 0.2280
3.2794, 3.2907, 0.0113
3.0128, 3.0714, 0.0586
2.7231, 2.6940, 0.0291
2.4109, 2.4803, 0.0694
2.0774, 2.0735, 0.0039
1.7248, 1.7677, 0.0429
1.3567, 1.4700, 0.1133
0.9776, 1.0624, 0.0848
0.5931, 0.5868, 0.0063
0.2100, 0.2508, 0.0408
-0.1643, -0.1632, 0.0011
-0.5215, -0.4360, 0.0855
-0.8537, -0.8126, 0.0411
-1.1527, -0.9761, 0.1766
-1.4111, -1.4665, 0.0554
-1.6224, -1.4378, 0.1846
-1.7818, -1.7380, 0.0438
-1.8858, -1.9200, 0.0342
-1.9334, -1.8562, 0.0772
-1.9253, -1.6829, 0.2424
-1.8645, -1.6138, 0.2507
-1.7562, -1.9528, 0.1966
-1.6073, -1.8746, 0.2673
-1.4263, -1.0811, 0.3452
-1.2225, -1.7642, 0.5417
-1.0061, -0.9341, 0.0720
-0.7872, -0.9654, 0.1782
-0.5755, -0.5942, 0.0187
-0.3798, -0.8508, 0.4710
-0.2073, -0.4783, 0.2710
-0.0635, 0.2421, 0.3056
0.0481, -0.2140, 0.2621
0.1260, 0.3439, 0.2179
0.1710, 0.2902, 0.1192
0.1860, 0.0814, 0.1046
0.1753, 0.2072, 0.0319
0.1450, -0.0206, 0.1656
0.1018, -0.1762, 0.2780
0.0530, -0.2542, 0.3072
0.0056, -0.3693, 0.3749
-0.0338, -0.0844, 0.0506
-0.0596, -0.2790, 0.2194
-0.0679, -0.1942, 0.1263
-0.0564, -0.2442, 0.1878
-0.0246, 0.1554, 0.1800
0.0260, -0.3689, 0.3949
0.0921, 0.3800, 0.2879
0.1690, 0.3390, 0.1700
0.2506, 0.2840, 0.0334
0.3304, 0.2764, 0.0540
0.4011, 0.4141, 0.0130
0.4561, 0.4697, 0.0136
0.4895, 0.4775, 0.0120
0.4965, 0.5245, 0.0280
0.4739, 0.5174, 0.0435
0.4205, 0.5497, 0.1292
0.3371, 0.5035, 0.1664
0.2264, 0.4087, 0.1823
0.0931, 0.3533, 0.2602
-0.0564, -0.0974, 0.0410
-0.2142, -0.2682, 0.0540
-0.3719, -0.4137, 0.0418
-0.5205, -0.4712, 0.0493
-0.6513, -0.6952, 0.0439
-0.7562, -0.7085, 0.0477
-0.8285, -0.8275, 0.0010
-0.8630, -0.9273, 0.0643
-0.8564, -0.7595, 0.0969
-0.8079, -0.9046, 0.0967
-0.7184, -0.7132, 0.0052
-0.5912, -0.8615, 0.2703
-0.4315, -0.4044, 0.0271
-0.2457, -0.4435, 0.1978
-0.0416, -0.4259, 0.3843
0.1725, -0.2334, 0.4059
0.3882, 0.3054, 0.0828
0.5975, 0.7201, 0.1226
0.7931, 0.8132, 0.0201
0.9692, 0.9079, 0.0613
1.1215, 0.9983, 0.1232
1.2472, 1.1513, 0.0959
1.3455, 1.3453, 0.0002
1.4173, 1.3186, 0.0987
1.4650, 1.4570, 0.0080
1.4926, 1.5139, 0.0213
1.5048, 1.4827, 0.0221
1.5068, 1.5550, 0.0482
1.5040, 1.4229, 0.0811
1.5015, 1.5833, 0.0818
1.5037, 1.3051, 0.1986
1.5136, 1.5286, 0.0150
1.5332, 1.5193, 0.0139
1.5628, 1.5375, 0.0253
1.6012, 1.5777, 0.0235
1.6456, 1.6249, 0.0207
1.6922, 1.6020, 0.0902
1.7361, 1.7164, 0.0197
1.7718, 1.7486, 0.0232
1.7937, 1.7832, 0.0105
1.7964, 1.7736, 0.0228
1.7754, 1.8139, 0.0385
1.7271, 1.8113, 0.0842
1.6495, 1.8279, 0.1784
1.5423, 1.8106, 0.2683
1.4069, 1.5891, 0.1822
1.2465, 1.4242, 0.1777
1.0660, 1.0584, 0.0076
0.8718, 0.9100, 0.0382
0.6714, 0.7792, 0.1078
0.4730, 0.5117, 0.0387
0.2847, 0.2930, 0.0083
0.1145, 0.1134, 0.0011
-0.0305, -0.0164, 0.0141
-0.1446, -0.1633, 0.0187
-0.2238, -0.2857, 0.0619
-0.2659, -0.2282, 0.0377
-0.2712, -0.2277, 0.0435
-0.2419, -0.1273, 0.1146
-0.1822, -0.2667, 0.0845
-0.0982, 0.0509, 0.1491
0.0029, -0.2067, 0.2096
0.1126, -0.0839, 0.1965
0.2224, 0.4496, 0.2272
0.3238, 0.3789, 0.0551
0.4090, 0.4417, 0.0327
0.4713, 0.6332, 0.1619
0.5059, 0.6374, 0.1315
0.5096, 0.4819, 0.0277
0.4813, 0.2228, 0.2585
0.4219, 0.5415, 0.1196
0.3346, 0.2246, 0.1100
0.2242, 0.2411, 0.0169
0.0968, 0.0798, 0.0170
-0.0405, -0.0306, 0.0099
-0.1801, -0.0801, 0.1000
-0.3143, -0.4299, 0.1156
-0.4363, -0.4127, 0.0236
-0.5399, -0.5332, 0.0067
-0.6208, -0.5779, 0.0429
-0.6761, -0.6713, 0.0048
-0.7049, -0.6269, 0.0780
-0.7081, -0.7928, 0.0847
-0.6884, -0.7208, 0.0324
-0.6501, -0.6527, 0.0026
-0.5985, -0.6557, 0.0572
-0.5399, -0.3216, 0.2183
-0.4808, -0.4647, 0.0161
-0.4273, -0.5110, 0.0837
-0.3852, -0.2817, 0.1035
-0.3586, -0.5185, 0.1599
-0.3507, -0.3318, 0.0189
-0.3625, -0.3779, 0.0154
-0.3934, -0.2663, 0.1271
-0.4409, -0.4112, 0.0297
-0.5009, -0.4003, 0.1006
-0.5674, -0.5449, 0.0225
-0.6335, -0.6263, 0.0072
-0.6917, -0.7450, 0.0533
-0.7338, -0.7845, 0.0507
-0.7523, -0.8159, 0.0636
-0.7401, -0.7764, 0.0363
-0.6913, -0.7925, 0.1012
-0.6014, -0.7450, 0.1436
-0.4680, -0.6208, 0.1528
-0.2902, -0.3668, 0.0766
-0.0694, -0.3047, 0.2353
0.1913, 0.1779, 0.0134
0.4870, 0.4245, 0.0625
0.8114, 0.7233, 0.0881
1.1572, 1.0807, 0.0765
1.5162, 1.4402, 0.0760
1.8801, 1.8000, 0.0801
2.2407, 2.2263, 0.0144
2.5904, 2.6561, 0.0657
2.9224, 2.9029, 0.0195
3.2311, 3.1495, 0.0816
3.5123, 3.5438, 0.0315
3.7631, 3.6176, 0.1455
3.9822, 4.0205, 0.0383
4.1696, 4.1957, 0.0261
4.3268, 4.3616, 0.0348
4.4561, 4.4822, 0.0261
4.5609, 4.5134, 0.0475
4.6451, 4.6502, 0.0051
4.7127, 4.6629, 0.0498
4.7681, 4.6909, 0.0772
4.8153, 4.7725, 0.0428
4.8576, 4.7048, 0.1528
4.8979, 4.8698, 0.0281
4.9384, 4.4647, 0.4737
4.9804, 4.9429, 0.0375
5.0245, 4.9847, 0.0398
5.0703, 5.1284, 0.0581
5.1170, 5.1678, 0.0508
5.1631, 5.1606, 0.0025
5.2069, 5.2754, 0.0685
5.2462, 5.2468, 0.0006
5.2791, 5.2823, 0.0032
5.3036, 5.3084, 0.0048
5.3181, 5.3296, 0.0115
5.3212, 5.3308, 0.0096
5.3121, 5.3322, 0.0201
5.2906, 5.3134, 0.0228
5.2570, 5.3145, 0.0575
5.2122, 5.2660, 0.0538
5.1574, 5.2264, 0.0690
5.0943, 5.1163, 0.0220
5.0249, 5.1131, 0.0882
4.9514, 5.0332, 0.0818
4.8758, 4.9047, 0.0289
4.8002, 4.7885, 0.0117
4.7264, 4.7023, 0.0241
4.6559, 4.6235, 0.0324
4.5896, 4.6013, 0.0117
4.5283, 4.5022, 0.0261
4.4722, 4.4885, 0.0163
4.4210, 4.3767, 0.0443
4.3745, 4.3938, 0.0193
4.3318, 4.3121, 0.0197
4.2922, 4.3205, 0.0283
4.2548, 4.2945, 0.0397
4.2186, 4.2281, 0.0095
4.1834, 4.2037, 0.0203
4.1488, 4.1630, 0.0142
4.1149, 4.1292, 0.0143
4.0820, 4.0666, 0.0154
4.0511, 4.0781, 0.0270
4.0232, 3.9973, 0.0259
3.9998, 3.9954, 0.0044
3.9824, 3.9473, 0.0351
3.9727, 3.9655, 0.0072
3.9722, 3.9565, 0.0157
3.9820, 3.9718, 0.0102
4.0032, 3.9718, 0.0314
4.0362, 4.0008, 0.0354
4.0808, 3.9826, 0.0982
4.1363, 4.0712, 0.0651
4.2013, 4.1033, 0.0980
4.2737, 4.1522, 0.1215
4.3510, 4.2489, 0.1021
4.4304, 4.3871, 0.0433
4.5086, 4.5114, 0.0028
4.5822, 4.5735, 0.0087
4.6481, 4.6578, 0.0097
4.7035, 4.6751, 0.0284
4.7458, 4.7659, 0.0201
4.7733, 4.7918, 0.0185
4.7849, 4.8070, 0.0221
4.7804, 4.8350, 0.0546
4.7605, 4.7732, 0.0127
4.7268, 4.7654, 0.0386
4.6816, 4.7322, 0.0506
4.6280, 4.6580, 0.0300
4.5695, 4.6812, 0.1117
4.5101, 4.6066, 0.0965
4.4537, 4.4708, 0.0171
4.4042, 4.4298, 0.0256
4.3652, 4.4131, 0.0479
4.3396, 4.3344, 0.0052
4.3297, 4.3374, 0.0077
4.3367, 4.2818, 0.0549
4.3611, 4.3337, 0.0274
4.4023, 4.3550, 0.0473
4.4586, 4.3725, 0.0861
4.5280, 4.5145, 0.0135
4.6071, 4.6621, 0.0550
4.6925, 4.8133, 0.1208
4.7803, 4.7553, 0.0250
4.8666, 4.8793, 0.0127
4.9477, 4.9370, 0.0107
5.0201, 4.9999, 0.0202
5.0813, 5.0702, 0.0111
5.1290, 5.0989, 0.0301
5.1622, 5.1706, 0.0084
5.1806, 5.1903, 0.0097
5.1848, 5.2058, 0.0210
5.1763, 5.1587, 0.0176
5.1572, 5.0741, 0.0831
5.1301, 5.0743, 0.0558
5.0983, 5.0761, 0.0222
5.0648, 5.1120, 0.0472
5.0330, 5.0757, 0.0427
5.0057, 5.0857, 0.0800
4.9854, 5.0314, 0.0460
4.9741, 4.9141, 0.0600
4.9730, 5.0086, 0.0356
4.9827, 4.9853, 0.0026
5.0029, 5.0964, 0.0935
5.0327, 5.0557, 0.0230
5.0706, 5.0402, 0.0304
5.1147, 5.0549, 0.0598
5.1627, 5.2476, 0.0849
5.2122, 5.2359, 0.0237
5.2606, 5.2836, 0.0230
5.3058, 5.3110, 0.0052
5.3458, 5.3692, 0.0234
5.3791, 5.4008, 0.0217
5.4049, 5.4173, 0.0124
5.4227, 5.4132, 0.0095
5.4327, 5.4436, 0.0109
5.4356, 5.4271, 0.0085
5.4327, 5.4453, 0.0126
5.4256, 5.3942, 0.0314
5.4158, 5.3758, 0.0400
5.4054, 5.3888, 0.0166
5.3961, 5.3689, 0.0272
5.3894, 5.3535, 0.0359
5.3867, 5.3820, 0.0047
5.3886, 5.3707, 0.0179
5.3955, 5.3827, 0.0128
5.4071, 5.4289, 0.0218
5.4227, 5.4003, 0.0224
5.4411, 5.4725, 0.0314
5.4605, 5.4659, 0.0054
5.4791, 5.4842, 0.0051
5.4950, 5.5032, 0.0082
5.5063, 5.5128, 0.0065
5.5108, 5.5237, 0.0129
5.5073, 5.5160, 0.0087
5.4948, 5.5335, 0.0387
5.4725, 5.4886, 0.0161
5.4404, 5.4478, 0.0074
5.3992, 5.4894, 0.0902
5.3501, 5.4171, 0.0670
5.2947, 5.3059, 0.0112
5.2349, 5.2485, 0.0136
5.1732, 5.1615, 0.0117
5.1117, 5.1394, 0.0277
5.0529, 5.0413, 0.0116
4.9986, 4.9926, 0.0060
4.9506, 4.9409, 0.0097
4.9098, 4.9025, 0.0073
4.8767, 4.8722, 0.0045
4.8510, 4.8453, 0.0057
4.8317, 4.8251, 0.0066
4.8173, 4.8178, 0.0005
4.8057, 4.8237, 0.0180
4.7945, 4.7826, 0.0119
4.7811, 4.8545, 0.0734
4.7627, 4.8039, 0.0412
4.7372, 4.8421, 0.1049
4.7024, 4.7449, 0.0425
4.6569, 4.6859, 0.0290
4.6002, 4.6340, 0.0338
4.5324, 4.5405, 0.0081
4.4547, 4.4969, 0.0422
4.3688, 4.4190, 0.0502
4.2777, 4.3413, 0.0636
4.1847, 4.1829, 0.0018
4.0938, 4.1203, 0.0265
4.0090, 4.0003, 0.0087
3.9346, 3.9013, 0.0333
3.8746, 3.8257, 0.0489
3.8326, 3.7829, 0.0497
3.8113, 3.7746, 0.0367
3.8128, 3.7582, 0.0546
3.8381, 3.8020, 0.0361
3.8872, 3.8368, 0.0504
3.9591, 3.9733, 0.0142
4.0518, 3.8916, 0.1602
4.1623, 3.9980, 0.1643
4.2870, 4.2923, 0.0053
4.4214, 4.3984, 0.0230
4.5613, 4.6447, 0.0834
4.7020, 4.6686, 0.0334
4.8392, 4.8612, 0.0220
4.9686, 4.9878, 0.0192
5.0869, 5.0648, 0.0221
5.1910, 5.2253, 0.0343
5.2786, 5.2552, 0.0234
5.3482, 5.3991, 0.0509
5.3990, 5.3674, 0.0316
5.4309, 5.5190, 0.0881
5.4440, 5.3823, 0.0617
5.4392, 5.4048, 0.0344
5.4170, 5.4525, 0.0355
5.3784, 5.3862, 0.0078
5.3239, 5.4494, 0.1255
5.2537, 5.3051, 0.0514
5.1676, 5.2192, 0.0516
5.0649, 5.2151, 0.1502
4.9441, 5.2603, 0.3162
4.8036, 4.8618, 0.0582
4.6410, 4.7770, 0.1360
4.4539, 4.5761, 0.1222
4.2399, 4.2834, 0.0435
3.9966, 4.0369, 0.0403
3.7222, 3.7912, 0.0690
3.4153, 3.4180, 0.0027
3.0756, 3.1222, 0.0466
2.7039, 2.7187, 0.0148
2.3021, 2.3967, 0.0946
1.8733, 1.9499, 0.0766
1.4219, 1.6169, 0.1950
0.9536, 0.9135, 0.0401
0.4752, 0.5486, 0.0734
-0.0062, -0.0540, 0.0478
-0.4825, -0.4978, 0.0153
-0.9455, -0.7770, 0.1685
-1.3873, -1.4014, 0.0141
-1.8007, -1.8582, 0.0575
-2.1790, -2.1776, 0.0014
-2.5168, -2.5729, 0.0561
-2.8103, -2.7818, 0.0285
-3.0569, -2.9555, 0.1014
-3.2557, -3.1885, 0.0672
-3.4074, -3.2180, 0.1894
-3.5139, -3.3967, 0.1172
-3.5784, -3.5253, 0.0531
-3.6052, -3.7125, 0.1073
-3.5989, -3.5267, 0.0722
-3.5644, -3.7603, 0.1959
-3.5068, -2.9509, 0.5559
-3.4305, -3.3876, 0.0429
-3.3393, -3.4388, 0.0995
-3.2363, -3.2468, 0.0105
-3.1233, -3.4469, 0.3236
-3.0013, -3.1510, 0.1497
-2.8701, -3.3136, 0.4435
-2.7286, -3.1206, 0.3920
-2.5750, -2.6598, 0.0848
-2.4066, -2.3402, 0.0664
-2.2209, -2.6721, 0.4512
-2.0150, -2.3440, 0.3290
-1.7866, -2.1589, 0.3723
-1.5336, -1.8957, 0.3621
-1.2549, -1.3550, 0.1001
-0.9502, -1.1717, 0.2215
-0.6205, -0.7867, 0.1662
-0.2676, -0.4450, 0.1774
0.1052, -0.0774, 0.1826
0.4941, 0.2206, 0.2735
0.8942, 0.9237, 0.0295
1.3000, 1.3657, 0.0657
1.7054, 1.7424, 0.0370
2.1047, 2.1838, 0.0791
2.4917, 2.5316, 0.0399
2.8609, 2.9434, 0.0825
3.2072, 3.2478, 0.0406
3.5264, 3.6098, 0.0834
3.8151, 3.8564, 0.0413
4.0710, 4.1932, 0.1222
4.2927, 4.3320, 0.0393
4.4801, 4.5857, 0.1056
4.6337, 4.6690, 0.0353
4.7547, 4.7007, 0.0540
4.8452, 4.7712, 0.0740
4.9077, 4.8615, 0.0462
4.9446, 4.9686, 0.0240
4.9588, 4.8073, 0.1515
4.9528, 5.0094, 0.0566
4.9287, 5.0073, 0.0786
4.8883, 5.0049, 0.1166
4.8330, 4.9638, 0.1308
4.7634, 4.9917, 0.2283
4.6801, 4.9472, 0.2671
4.5831, 5.0043, 0.4212
4.4723, 5.1596, 0.6873
4.3476, 4.3580, 0.0104
4.2089, 4.1243, 0.0846
4.0567, 3.8197, 0.2370
3.8919, 3.7978, 0.0941
3.7160, 3.6151, 0.1009
3.5313, 3.7110, 0.1797
3.3410, 3.3733, 0.0323
3.1488, 3.1653, 0.0165
2.9592, 2.8500, 0.1092
2.7772, 2.8602, 0.0830
2.6082, 2.6197, 0.0115
2.4576, 2.4477, 0.0099
2.3305, 2.3350, 0.0045
2.2317, 2.1986, 0.0331
2.1652, 2.1515, 0.0137
2.1341, 2.0954, 0.0387
2.1402, 2.0960, 0.0442
2.1842, 2.2178, 0.0336
2.2652, 2.1302, 0.1350
2.3814, 2.4263, 0.0449
2.5293, 2.5392, 0.0099
2.7047, 2.6997, 0.0050
2.9022, 2.8948, 0.0074
3.1160, 2.9785, 0.1375
3.3399, 3.2910, 0.0489
3.5675, 3.4848, 0.0827
3.7927, 3.6707, 0.1220
4.0097, 3.7402, 0.2695
4.2136, 4.1119, 0.1017
4.4003, 4.3382, 0.0621
4.5664, 4.5451, 0.0213
4.7097, 4.7761, 0.0664
4.8291, 4.7950, 0.0341
4.9244, 5.0328, 0.1084
4.9963, 4.9470, 0.0493
5.0462, 4.9846, 0.0616
5.0765, 5.0613, 0.0152
5.0894, 5.0950, 0.0056
5.0879, 5.0992, 0.0113
5.0750, 5.1030, 0.0280
5.0536, 5.0918, 0.0382
5.0263, 5.0900, 0.0637
4.9955, 5.0964, 0.1009
4.9633, 5.0945, 0.1312
4.9311, 5.1333, 0.2022
4.8999, 5.1007, 0.2008
4.8705, 4.8040, 0.0665
4.8431, 4.7303, 0.1128
4.8177, 4.6345, 0.1832
4.7938, 4.6972, 0.0966
4.7711, 4.8322, 0.0611
4.7490, 4.8040, 0.0550
4.7269, 4.9016, 0.1747
4.7045, 4.8211, 0.1166
4.6814, 4.8523, 0.1709
4.6575, 4.5718, 0.0857
4.6329, 4.6761, 0.0432
4.6079, 4.6072, 0.0007
4.5828, 4.5825, 0.0003
4.5583, 4.5650, 0.0067
4.5350, 4.5422, 0.0072
4.5133, 4.5001, 0.0132
4.4938, 4.4908, 0.0030
4.4766, 4.4706, 0.0060
4.4615, 4.4592, 0.0023
4.4481, 4.4443, 0.0038
4.4357, 4.4350, 0.0007
4.4231, 4.4230, 0.0001
4.4088, 4.4109, 0.0021
4.3910, 4.3970, 0.0060
4.3679, 4.3736, 0.0057
4.3375, 4.3508, 0.0133
4.2978, 4.3069, 0.0091
4.2472, 4.2663, 0.0191
4.1842, 4.1940, 0.0098
4.1080, 4.1702, 0.0622
4.0181, 4.0248, 0.0067
3.9147, 3.9600, 0.0453
3.7989, 3.7995, 0.0006
3.6719, 3.7173, 0.0454
3.5361, 3.5807, 0.0446
3.3942, 3.4346, 0.0404
3.2492, 3.2371, 0.0121
3.1045, 3.1490, 0.0445
2.9636, 2.9468, 0.0168
2.8300, 2.7962, 0.0338
2.7070, 2.6869, 0.0201
2.5974, 2.6010, 0.0036
2.5037, 2.4822, 0.0215
2.4277, 2.4125, 0.0152
2.3706, 2.3683, 0.0023
2.3328, 2.3099, 0.0229
2.3142, 2.2805, 0.0337
2.3140, 2.3515, 0.0375
2.3307, 2.3111, 0.0196
2.3628, 2.4196, 0.0568
2.4080, 2.3342, 0.0738
2.4642, 2.6118, 0.1476
2.5289, 2.3739, 0.1550
2.5999, 2.6467, 0.0468
2.6750, 2.5933, 0.0817
2.7524, 2.8109, 0.0585
2.8302, 2.7489, 0.0813
2.9072, 2.9531, 0.0459
2.9823, 2.8660, 0.1163
3.0548, 3.0448, 0.0100
3.1240, 3.1290, 0.0050
3.1898, 3.1371, 0.0527
3.2520, 3.1373, 0.1147
3.3105, 3.3329, 0.0224
3.3652, 3.3278, 0.0374
3.4159, 3.4447, 0.0288
3.4624, 3.4248, 0.0376
3.5043, 3.4849, 0.0194
3.5410, 3.5407, 0.0003
3.5716, 3.5604, 0.0112
3.5951, 3.5927, 0.0024
3.6106, 3.5980, 0.0126
3.6169, 3.6220, 0.0051
3.6130, 3.6196, 0.0066
3.5979, 3.5913, 0.0066
3.5708, 3.6111, 0.0403
3.5314, 3.5206, 0.0108
3.4793, 3.5924, 0.1131
3.4151, 3.4046, 0.0105
3.3394, 3.3237, 0.0157
3.2533, 3.2454, 0.0079
3.1585, 3.1915, 0.0330
3.0567, 3.0477, 0.0090
2.9503, 3.0207, 0.0704
2.8413, 2.8350, 0.0063
2.7321, 2.6942, 0.0379
2.6248, 2.6150, 0.0098
2.5210, 2.5531, 0.0321
2.4222, 2.4120, 0.0102
2.3289, 2.3631, 0.0342
2.2410, 2.2359, 0.0051
2.1578, 2.1470, 0.0108
2.0778, 2.0863, 0.0085
1.9988, 2.0005, 0.0017
1.9181, 1.9512, 0.0331
1.8324, 1.8756, 0.0432
1.7388, 1.8083, 0.0695
1.6340, 1.7052, 0.0712
1.5154, 1.6083, 0.0929
1.3810, 1.4340, 0.0530
1.2294, 1.2954, 0.0660
1.0607, 1.1394, 0.0787
0.8759, 0.8834, 0.0075
0.6775, 0.5463, 0.1312
0.4690, 0.4696, 0.0006
0.2553, 0.2515, 0.0038
0.0421, 0.0323, 0.0098
-0.1641, -0.1894, 0.0253
-0.3563, -0.3771, 0.0208
-0.5277, -0.5242, 0.0035
-0.6718, -0.7024, 0.0306
-0.7829, -0.8485, 0.0656
-0.8566, -0.8942, 0.0376
-0.8897, -0.8707, 0.0190
-0.8811, -0.9686, 0.0875
-0.8315, -0.7967, 0.0348
-0.7434, -0.7035, 0.0399
-0.6214, -0.8191, 0.1977
-0.4716, -0.4212, 0.0504
-0.3016, -0.2804, 0.0212
-0.1200, -0.1063, 0.0137
0.0642, 0.1641, 0.0999
0.2420, 0.2255, 0.0165
0.4047, 0.2039, 0.2008
0.5448, 0.4607, 0.0841
0.6561, 0.5299, 0.1262
0.7341, 0.5819, 0.1522
0.7765, 0.6624, 0.1141
0.7828, 0.6765, 0.1063
0.7549, 0.7766, 0.0217
0.6963, 0.6385, 0.0578
0.6127, 0.3776, 0.2351
0.5109, 0.7112, 0.2003
0.3985, 0.2662, 0.1323
0.2837, 0.3446, 0.0609
0.1742, -0.0911, 0.2653
0.0775, 0.1013, 0.0238
-0.0003, 0.2750, 0.2753
-0.0547, -0.0914, 0.0367
-0.0828, -0.0633, 0.0195
-0.0837, -0.1987, 0.1150
-0.0587, 0.1499, 0.2086
-0.0106, 0.0345, 0.0451
0.0559, -0.1412, 0.1971
0.1348, 0.3856, 0.2508
0.2193, 0.4302, 0.2109
0.3025, 0.4443, 0.1418
0.3774, 0.5597, 0.1823
0.4377, 0.6371, 0.1994
0.4782, 0.8277, 0.3495
0.4954, 0.6971, 0.2017
0.4873, 0.5580, 0.0707
0.4541, 0.3678, 0.0863
0.3978, 0.5701, 0.1723
0.3222, 0.2983, 0.0239
0.2330, 0.1579, 0.0751
0.1370, 0.0867, 0.0503
0.0419, 0.0618, 0.0199
-0.0441, -0.0733, 0.0292
-0.1132, -0.1157, 0.0025
-0.1578, -0.1828, 0.0250
-0.1716, -0.2293, 0.0577
-0.1499, -0.1957, 0.0458
-0.0896, -0.2014, 0.1118
0.0105, -0.1421, 0.1526
0.1494, 0.0697, 0.0797
0.3243, 0.0992, 0.2251
0.5307, 0.3155, 0.2152
0.7626, 0.6495, 0.1131
1.0128, 0.9621, 0.0507
1.2736, 1.2561, 0.0175
1.5371, 1.5488, 0.0117
1.7957, 1.6822, 0.1135
2.0422, 2.0267, 0.0155
2.2709, 2.1097, 0.1612
2.4770, 2.4538, 0.0232
2.6576, 2.6192, 0.0384
2.8110, 2.7767, 0.0343
2.9374, 2.9947, 0.0573
3.0384, 3.0459, 0.0075
3.1169, 3.1832, 0.0663
3.1770, 3.1712, 0.0058
3.2234, 3.1217, 0.1017
3.2612, 3.2448, 0.0164
3.2957, 3.2725, 0.0232
3.3318, 3.2999, 0.0319
3.3738, 3.3346, 0.0392
3.4252, 3.3819, 0.0433
3.4887, 3.4526, 0.0361
3.5657, 3.4918, 0.0739
3.6565, 3.5971, 0.0594
3.7603, 3.6932, 0.0671
3.8754, 3.8611, 0.0143
3.9993, 3.8944, 0.1049
4.1288, 4.1182, 0.0106
4.2603, 4.1145, 0.1458
4.3899, 4.3858, 0.0041
4.5140, 4.5995, 0.0855
4.6291, 4.6322, 0.0031
4.7322, 4.7807, 0.0485
4.8209, 4.8308, 0.0099
4.8932, 4.9265, 0.0333
4.9482, 4.9627, 0.0145
4.9855, 5.0463, 0.0608
5.0056, 5.0573, 0.0517
5.0094, 4.9933, 0.0161
4.9987, 5.0384, 0.0397
4.9753, 4.9187, 0.0566
4.9417, 5.0008, 0.0591
4.9003, 4.8636, 0.0367
4.8537, 4.7784, 0.0753
4.8043, 4.7799, 0.0244
4.7542, 4.5758, 0.1784
4.7054, 4.5360, 0.1694
4.6594, 4.7095, 0.0501
4.6175, 4.6451, 0.0276
4.5804, 4.4767, 0.1037
4.5488, 4.5895, 0.0407
4.5228, 4.3624, 0.1604
4.5024, 4.5047, 0.0023
4.4874, 4.4576, 0.0298
4.4774, 4.3963, 0.0811
4.4722, 4.5016, 0.0294
4.4713, 4.4509, 0.0204
4.4745, 4.5456, 0.0711
4.4817, 4.5163, 0.0346
4.4927, 4.5136, 0.0209
4.5076, 4.4471, 0.0605
4.5265, 4.5404, 0.0139
4.5499, 4.6262, 0.0763
4.5778, 4.5551, 0.0227
4.6106, 4.6070, 0.0036
4.6482, 4.5489, 0.0993
4.6905, 4.6592, 0.0313
4.7371, 4.7264, 0.0107
4.7874, 4.7016, 0.0858
4.8402, 4.8224, 0.0178
4.8941, 4.8733, 0.0208
4.9474, 4.9209, 0.0265
4.9979, 4.9865, 0.0114
5.0436, 5.0304, 0.0132
5.0820, 5.0751, 0.0069
5.1109, 5.1179, 0.0070
5.1283, 5.1152, 0.0131
5.1324, 5.1543, 0.0219
5.1219, 5.1482, 0.0263
5.0959, 5.1397, 0.0438
5.0546, 5.1281, 0.0735
4.9987, 5.1198, 0.1211
4.9295, 4.9581, 0.0286
4.8493, 4.8653, 0.0160
4.7610, 4.8717, 0.1107
4.6681, 4.6940, 0.0259
4.5744, 4.6889, 0.1145
4.4839, 4.5713, 0.0874
4.4005, 4.4008, 0.0003
4.3281, 4.3647, 0.0366
4.2700, 4.2621, 0.0079
4.2287, 4.1670, 0.0617
4.2061, 4.1833, 0.0228
4.2031, 4.2070, 0.0039
4.2195, 4.1750, 0.0445
4.2543, 4.2575, 0.0032
4.3054, 4.3146, 0.0092
4.3700, 4.3479, 0.0221
4.4447, 4.3756, 0.0691
4.5256, 4.5271, 0.0015
4.6086, 4.4706, 0.1380
4.6897, 4.6426, 0.0471
4.7653, 4.8445, 0.0792
4.8321, 4.6888, 0.1433
4.8875, 4.9878, 0.1003
4.9300, 4.8411, 0.0889
4.9586, 5.0168, 0.0582
4.9736, 5.0048, 0.0312
4.9760, 4.9650, 0.0110
4.9676, 4.9721, 0.0045
4.9509, 4.9006, 0.0503
4.9289, 4.9453, 0.0164
4.9047, 4.7791, 0.1256
4.8816, 4.9100, 0.0284
4.8628, 4.8388, 0.0240
4.8510, 4.7994, 0.0516
4.8484, 4.7958, 0.0526
4.8566, 4.8876, 0.0310
4.8764, 4.8155, 0.0609
4.9077, 4.9170, 0.0093
4.9499, 4.9691, 0.0192
5.0016, 5.0079, 0.0063
5.0608, 5.0358, 0.0250
5.1251, 5.0942, 0.0309
5.1917, 5.1529, 0.0388
5.2580, 5.2038, 0.0542
5.3213, 5.2809, 0.0404
5.3791, 5.4213, 0.0422
5.4296, 5.4475, 0.0179
5.4712, 5.4975, 0.0263
5.5032, 5.5242, 0.0210
5.5252, 5.5387, 0.0135
5.5378, 5.5624, 0.0246
5.5420, 5.5602, 0.0182
5.5394, 5.5212, 0.0182
5.5318, 5.5567, 0.0249
5.5214, 5.4538, 0.0676
5.5106, 5.5174, 0.0068
5.5014, 5.5411, 0.0397
5.4958, 5.4465, 0.0493
5.4954, 5.4550, 0.0404
5.5012, 5.3522, 0.1490
5.5138, 5.4636, 0.0502
5.5331, 5.5323, 0.0008
5.5583, 5.5239, 0.0344
5.5885, 5.6102, 0.0217
5.6218, 5.6164, 0.0054
5.6564, 5.6415, 0.0149
5.6900, 5.6924, 0.0024
5.7205, 5.6687, 0.0518
5.7458, 5.7475, 0.0017
5.7641, 5.8238, 0.0597
5.7738, 5.8182, 0.0444
5.7742, 5.7919, 0.0177
5.7646, 5.7902, 0.0256
5.7454, 5.7794, 0.0340
5.7172, 5.7381, 0.0209
5.6812, 5.7382, 0.0570
5.6394, 5.6912, 0.0518
5.5935, 5.6532, 0.0597
5.5459, 5.5410, 0.0049
5.4986, 5.4871, 0.0115
5.4538, 5.4778, 0.0240
5.4130, 5.4210, 0.0080
5.3776, 5.3769, 0.0007
5.3483, 5.3582, 0.0099
5.3253, 5.3133, 0.0120
5.3081, 5.3241, 0.0160
5.2957, 5.2847, 0.0110
5.2864, 5.3185, 0.0321
5.2783, 5.2950, 0.0167
5.2691, 5.2678, 0.0013
5.2564, 5.2830, 0.0266
5.2377, 5.3371, 0.0994
5.2110, 5.2242, 0.0132
5.1745, 5.1857, 0.0112
5.1270, 5.1475, 0.0205
5.0676, 5.0838, 0.0162
4.9965, 5.0092, 0.0127
4.9143, 4.9330, 0.0187
4.8224, 4.8408, 0.0184
4.7229, 4.7491, 0.0262
4.6181, 4.6444, 0.0263
4.5110, 4.5528, 0.0418
4.4045, 4.3552, 0.0493
4.3017, 4.2568, 0.0449
4.2056, 4.1718, 0.0338
4.1187, 4.0995, 0.0192
4.0430, 4.0394, 0.0036
3.9801, 3.9612, 0.0189
3.9309, 3.9270, 0.0039
3.8954, 3.8778, 0.0176
3.8734, 3.8539, 0.0195
3.8637, 3.8474, 0.0163
3.8647, 3.8636, 0.0011
3.8747, 3.8139, 0.0608
3.8914, 3.8971, 0.0057
3.9127, 3.8776, 0.0351
3.9365, 3.9677, 0.0312
3.9610, 3.9055, 0.0555
3.9847, 4.0552, 0.0705
4.0065, 4.0604, 0.0539
4.0258, 4.0806, 0.0548
4.0427, 4.0382, 0.0045
4.0575, 4.1071, 0.0496
4.0711, 3.9757, 0.0954
4.0847, 4.1498, 0.0651
4.0996, 4.0891, 0.0105
4.1172, 4.0843, 0.0329
4.1388, 4.0404, 0.0984
4.1654, 4.1614, 0.0040
4.1977, 4.1193, 0.0784
4.2358, 4.1868, 0.0490
4.2793, 4.2537, 0.0256
4.3272, 4.2945, 0.0327
4.3780, 4.3525, 0.0255
4.4296, 4.4031, 0.0265
4.4796, 4.4864, 0.0068
4.5256, 4.5414, 0.0158
4.5645, 4.5750, 0.0105
4.5939, 4.6124, 0.0185
4.6113, 4.6238, 0.0125
4.6148, 4.6543, 0.0395
4.6030, 4.6273, 0.0243
4.5754, 4.6269, 0.0515
4.5321, 4.6161, 0.0840
4.4740, 4.5432, 0.0692
4.4029, 4.4332, 0.0303
4.3210, 4.3800, 0.0590
4.2313, 4.2912, 0.0599
4.1374, 4.2333, 0.0959
4.0426, 4.0513, 0.0087
3.9504, 3.9840, 0.0336
3.8640, 3.8853, 0.0213
3.7863, 3.7271, 0.0592
3.7194, 3.7265, 0.0071
3.6646, 3.5873, 0.0773
3.6225, 3.6408, 0.0183
3.5927, 3.6235, 0.0308
3.5738, 3.6107, 0.0369
3.5639, 3.6347, 0.0708
3.5604, 3.6796, 0.1192
3.5602, 3.5895, 0.0293
3.5602, 3.5336, 0.0266
3.5570, 3.5077, 0.0493
3.5479, 3.6284, 0.0805
3.5302, 3.6044, 0.0742
3.5020, 3.5572, 0.0552
3.4622, 3.6036, 0.1414
3.4103, 3.4305, 0.0202
3.3469, 3.3545, 0.0076
3.2729, 3.2909, 0.0180
3.1905, 3.2302, 0.0397
3.1017, 3.1081, 0.0064
3.0094, 3.0018, 0.0076
2.9161, 2.9170, 0.0009
2.8244, 2.7929, 0.0315
2.7363, 2.7136, 0.0227
2.6536, 2.6457, 0.0079
2.5770, 2.5626, 0.0144
2.5066, 2.5102, 0.0036
2.4416, 2.4389, 0.0027
2.3804, 2.3742, 0.0062
2.3206, 2.3195, 0.0011
2.2594, 2.2563, 0.0031
2.1937, 2.2355, 0.0418
2.1204, 2.1248, 0.0044
2.0364, 2.1203, 0.0839
1.9392, 1.9514, 0.0122
1.8273, 1.8349, 0.0076
1.6998, 1.7163, 0.0165
1.5570, 1.5656, 0.0086
1.4006, 1.4144, 0.0138
1.2331, 1.2396, 0.0065
1.0585, 1.0631, 0.0046
0.8815, 0.8828, 0.0013
0.7076, 0.7179, 0.0103
0.5428, 0.5378, 0.0050
0.3932, 0.4056, 0.0124
0.2645, 0.2530, 0.0115
0.1619, 0.1751, 0.0132
0.0893, 0.0722, 0.0171
0.0498, 0.0001, 0.0497
0.0446, 0.0110, 0.0336
0.0734, -0.0174, 0.0908
0.1341, 0.0884, 0.0457
0.2230, 0.2613, 0.0383
0.3351, 0.2544, 0.0807
0.4640, 0.5214, 0.0574
0.6026, 0.5252, 0.0774
0.7433, 0.5615, 0.1818
0.8785, 0.7601, 0.1184
1.0011, 1.0301, 0.0290
1.1050, 1.2007, 0.0957
1.1853, 1.3649, 0.1796
1.2384, 1.4269, 0.1885
1.2631, 1.4808, 0.2177
1.2594, 1.1946, 0.0648
1.2296, 1.2669, 0.0373
1.1773, 1.2570, 0.0797
1.1082, 1.2235, 0.1153
1.0286, 1.2147, 0.1861
0.9460, 0.9005, 0.0455
0.8678, 1.0252, 0.1574
0.8015, 0.8197, 0.0182
0.7539, 0.7666, 0.0127
0.7308, 0.6926, 0.0382
0.7366, 0.7805, 0.0439
0.7740, 0.6292, 0.1448
0.8439, 0.8637, 0.0198
0.9454, 0.9154, 0.0300
1.0757, 1.0080, 0.0677
1.2307, 1.1800, 0.0507
1.4047, 1.2371, 0.1676
1.5913, 1.5703, 0.0210
1.7832, 1.8039, 0.0207
1.9732, 1.9836, 0.0104
2.1542, 2.1690, 0.0148
2.3200, 2.2262, 0.0938
2.4649, 2.4368, 0.0281
2.5850, 2.5948, 0.0098
2.6772, 2.6375, 0.0397
2.7401, 2.7827, 0.0426
2.7738, 2.7775, 0.0037
2.7796, 2.8402, 0.0606
2.7599, 2.7720, 0.0121
2.7182, 2.8230, 0.1048
2.6583, 2.7771, 0.1188
2.5844, 2.6288, 0.0444
2.5006, 2.6597, 0.1591
2.4107, 2.4327, 0.0220
2.3175, 2.4413, 0.1238
2.2235, 2.1436, 0.0799
2.1297, 2.3630, 0.2333
2.0365, 2.1069, 0.0704
1.9432, 1.9973, 0.0541
1.8482, 2.1873, 0.3391
1.7495, 1.9255, 0.1760
1.6448, 1.8812, 0.2364
1.5316, 1.4993, 0.0323
1.4077, 1.3902, 0.0175
1.2715, 1.3203, 0.0488
1.1221, 1.0943, 0.0278
0.9598, 1.0286, 0.0688
0.7859, 0.7565, 0.0294
0.6028, 0.5632, 0.0396
0.4141, 0.4091, 0.0050
0.2243, 0.2090, 0.0153
0.0389, 0.0873, 0.0484
-0.1362, -0.1601, 0.0239
-0.2952, -0.3465, 0.0513
-0.4322, -0.4606, 0.0284
-0.5420, -0.6019, 0.0599
-0.6206, -0.5736, 0.0470
-0.6651, -0.6521, 0.0130
-0.6742, -0.7149, 0.0407
-0.6484, -0.6186, 0.0298
-0.5898, -0.6704, 0.0806
-0.5024, -0.4207, 0.0817
-0.3916, -0.4308, 0.0392
-0.2639, -0.1918, 0.0721
-0.1269, -0.1268, 0.0001
0.0114, 0.0500, 0.0386
0.1431, 0.1252, 0.0179
0.2606, 0.4172, 0.1566
0.3576, 0.3541, 0.0035
0.4286, 0.4829, 0.0543
0.4703, 0.5182, 0.0479
0.4808, 0.5587, 0.0779
0.4602, 0.6108, 0.1506
0.4108, 0.5262, 0.1154
0.3364, 0.4923, 0.1559
0.2425, -1.0148, 1.2573
0.1356, 0.4032, 0.2676
0.0233, -0.0855, 0.1088
-0.0867, -0.2885, 0.2018
-0.1867, -0.0981, 0.0886
-0.2699, -0.3295, 0.0596
-0.3303, -0.3098, 0.0205
-0.3634, -0.1514, 0.2120
-0.3661, -0.3976, 0.0315
-0.3375, -0.1468, 0.1907
-0.2782, -0.2255, 0.0527
-0.1907, -0.1135, 0.0772
-0.0789, -0.2231, 0.1442
0.0520, -0.0478, 0.0998
0.1960, 0.1500, 0.0460
0.3466, 0.5336, 0.1870
0.4973, 0.3578, 0.1395
0.6420, 0.6217, 0.0203
0.7751, 0.7952, 0.0201
0.8924, 0.8570, 0.0354
0.9909, 0.9970, 0.0061
1.0690, 1.0113, 0.0577
1.1265, 1.1359, 0.0094
1.1648, 1.1769, 0.0121
1.1864, 1.1914, 0.0050
1.1950, 1.2190, 0.0240
1.1950, 1.2031, 0.0081
1.1912, 1.2281, 0.0369
1.1884, 1.1931, 0.0047
1.1910, 1.0462, 0.1448
1.2029, 1.1930, 0.0099
1.2269, 0.9373, 0.2896
1.2646, 1.2400, 0.0246
1.3165, 1.2910, 0.0255
1.3817, 1.3433, 0.0384
1.4579, 1.4162, 0.0417
1.5419, 1.4922, 0.0497
1.6295, 1.6302, 0.0007
1.7163, 1.7155, 0.0008
1.7973, 1.7999, 0.0026
1.8679, 1.8495, 0.0184
1.9240, 1.9758, 0.0518
1.9621, 2.0131, 0.0510
1.9801, 2.0446, 0.0645
1.9769, 2.0392, 0.0623
1.9528, 2.0149, 0.0621
1.9093, 1.9293, 0.0200
1.8494, 1.9545, 0.1051
1.7768, 1.8178, 0.0410
1.6964, 1.9126, 0.2162
1.6131, 1.6551, 0.0420
1.5325, 1.5542, 0.0217
1.4592, 1.4566, 0.0026
1.3977, 1.4382, 0.0405
1.3513, 1.2361, 0.1152
1.3221, 1.3890, 0.0669
1.3109, 1.2598, 0.0511
1.3167, 1.4052, 0.0885
1.3375, 1.3049, 0.0326
1.3696, 1.2951, 0.0745
1.4084, 1.3734, 0.0350
1.4488, 1.6082, 0.1594
1.4850, 1.4033, 0.0817
1.5111, 1.4652, 0.0459
1.5220, 1.7152, 0.1932
1.5134, 1.6208, 0.1074
1.4821, 1.5646, 0.0825
1.4264, 1.5008, 0.0744
1.3464, 1.5521, 0.2057
1.2438, 1.3887, 0.1449
1.1221, 1.0681, 0.0540
0.9863, 1.0480, 0.0617
0.8429, 0.8141, 0.0288
0.6990, 0.6088, 0.0902
0.5627, 0.5455, 0.0172
0.4419, 0.4505, 0.0086
0.3442, 0.3254, 0.0188
0.2766, 0.2205, 0.0561
0.2444, 0.1988, 0.0456
0.2517, 0.2088, 0.0429
0.3005, 0.2178, 0.0827
0.3910, 0.2680, 0.1230
0.5211, 0.3851, 0.1360
0.6868, 0.4263, 0.2605
0.8826, 0.5766, 0.3060
1.1016, 1.0163, 0.0853
1.3356, 0.8361, 0.4995
1.5760, 1.4202, 0.1558
1.8140, 1.7950, 0.0190
2.0411, 2.0691, 0.0280
2.2497, 2.2003, 0.0494
2.4332, 2.4793, 0.0461
2.5864, 2.5240, 0.0624
2.7056, 2.7742, 0.0686
2.7889, 2.9077, 0.1188
2.8361, 2.8207, 0.0154
2.8485, 2.8434, 0.0051
2.8291, 2.8389, 0.0098
2.7815, 2.7704, 0.0111
2.7106, 2.8454, 0.1348
2.6216, 2.6003, 0.0213
2.5196, 2.6962, 0.1766
2.4096, 2.3795, 0.0301
2.2960, 2.6735, 0.3775
2.1822, 2.1417, 0.0405
2.0709, 2.3193, 0.2484
1.9634, 1.9051, 0.0583
1.8601, 1.8559, 0.0042
1.7603, 1.6669, 0.0934
1.6625, 1.5893, 0.0732
1.5647, 1.4066, 0.1581
1.4644, 1.1739, 0.2905
1.3595, 1.3270, 0.0325
1.2478, 1.2647, 0.0169
1.1279, 1.0892, 0.0387
0.9996, 1.0649, 0.0653
0.8633, 0.8228, 0.0405
0.7211, 0.8049, 0.0838
0.5760, 0.6139, 0.0379
0.4322, 0.4210, 0.0112
0.2952, 0.2974, 0.0022
0.1709, 0.1504, 0.0205
0.0662, 0.0202, 0.0460
-0.0121, -0.0408, 0.0287
-0.0575, -0.1194, 0.0619
-0.0637, -0.1022, 0.0385
-0.0256, -0.1068, 0.0812
0.0609, -0.0273, 0.0882
0.1983, 0.0809, 0.1174
0.3876, 0.1380, 0.2496
0.6279, 0.2710, 0.3569
0.9171, 0.5197, 0.3974
1.2510, 1.0542, 0.1968
1.6245, 1.5628, 0.0617
2.0313, 1.9710, 0.0603
2.4640, 2.4017, 0.0623
2.9149, 2.6880, 0.2269
3.3760, 3.1428, 0.2332
3.8392, 3.4809, 0.3583
4.2971, 4.1686, 0.1285
4.7424, 4.6682, 0.0742
5.1688, 5.1461, 0.0227
5.5704, 5.5199, 0.0505
5.9427, 5.9017, 0.0410
6.2817, 6.1061, 0.1756
6.5844, 6.5330, 0.0514
6.8485, 6.4787, 0.3698
7.0721, 7.0248, 0.0473
7.2542, 7.0864, 0.1678
7.3938, 7.3771, 0.0167
7.4905, 7.5191, 0.0286
7.5439, 7.5814, 0.0375
7.5536, 7.6098, 0.0562
7.5195, 7.5690, 0.0495
7.4414, 7.6095, 0.1681
7.3190, 7.5204, 0.2014
7.1526, 6.9995, 0.1531
6.9425, 7.2725, 0.3300
6.6896, 6.3156, 0.3740
6.3952, 5.9267, 0.4685
6.0614, 5.3666, 0.6948
5.6912, 5.7914, 0.1002
5.2883, 5.2985, 0.0102
4.8574, 4.5457, 0.3117
4.4044, 4.1577, 0.2467
3.9356, 3.9519, 0.0163
3.4584, 3.6925, 0.2341
2.9804, 2.8544, 0.1260
2.5099, 2.4371, 0.0728
2.0552, 2.1160, 0.0608
1.6239, 1.6582, 0.0343
1.2234, 1.2438, 0.0204
0.8598, 0.9132, 0.0534
0.5382, 0.6081, 0.0699
0.2621, 0.3319, 0.0698
0.0332, 0.1287, 0.0955
-0.1487, -0.3458, 0.1971
-0.2854, -0.1495, 0.1359
-0.3804, -0.3869, 0.0065
-0.4390, -0.4062, 0.0328
-0.4674, -0.4646, 0.0028
-0.4728, -0.4263, 0.0465
-0.4628, -0.4328, 0.0300
-0.4448, -0.2945, 0.1503
-0.4260, -0.3018, 0.1242
-0.4126, -0.7087, 0.2961
-0.4094, -0.1122, 0.2972
-0.4199, -0.3184, 0.1015
-0.4458, -0.2457, 0.2001
-0.4871, -0.2650, 0.2221
-0.5419, -0.2306, 0.3113
-0.6068, -0.5915, 0.0153
-0.6769, -0.3987, 0.2782
-0.7467, -0.7390, 0.0077
-0.8096, -0.8013, 0.0083
-0.8591, -0.8641, 0.0050
-0.8892, -1.0455, 0.1563
-0.8943, -1.0321, 0.1378
-0.8702, -1.0113, 0.1411
-0.8140, -0.8749, 0.0609
-0.7244, -0.9577, 0.2333
-0.6021, -0.8412, 0.2391
-0.4491, -0.5902, 0.1411
-0.2696, -0.6376, 0.3680
-0.0690, -0.1476, 0.0786
0.1465, 0.1065, 0.0400
0.3696, 0.3145, 0.0551
0.5929, 0.5688, 0.0241
0.8090, 0.7662, 0.0428
1.0112, 1.0224, 0.0112
1.1934, 1.1433, 0.0501
1.3510, 1.3711, 0.0201
1.4808, 1.4235, 0.0573
1.5809, 1.5250, 0.0559
1.6509, 1.7334, 0.0825
1.6920, 1.7397, 0.0477
1.7067, 1.7370, 0.0303
1.6986, 1.7577, 0.0591
1.6717, 1.7181, 0.0464
1.6308, 1.7356, 0.1048
1.5803, 1.5153, 0.0650
1.5245, 1.5410, 0.0165
1.4671, 1.2664, 0.2007
1.4106, 1.3836, 0.0270
1.3569, 1.6031, 0.2462
1.3062, 1.2207, 0.0855
1.2579, 1.5266, 0.2687
1.2103, 1.1072, 0.1031
1.1607, 1.2733, 0.1126
1.1061, 0.9863, 0.1198
1.0431, 1.0737, 0.0306
0.9684, 0.9404, 0.0280
0.8791, 1.0613, 0.1822
0.7730, 0.8182, 0.0452
0.6490, 0.7135, 0.0645
0.5071, 0.5247, 0.0176
0.3488, 0.3924, 0.0436
0.1768, 0.1971, 0.0203
-0.0049, 0.0059, 0.0108
-0.1913, -0.2082, 0.0169
-0.3763, -0.4168, 0.0405
-0.5534, -0.5794, 0.0260
-0.7159, -0.7730, 0.0571
-0.8575, -0.8883, 0.0308
-0.9726, -0.9812, 0.0086
-1.0564, -1.0908, 0.0344
-1.1058, -1.1119, 0.0061
-1.1192, -1.1441, 0.0249
-1.0969, -1.1655, 0.0686
-1.0410, -1.1175, 0.0765
-0.9555, -0.9388, 0.0167
-0.8460, -0.9043, 0.0583
-0.7191, -0.6899, 0.0292
-0.5823, -0.6416, 0.0593
-0.4438, -0.4638, 0.0200
-0.3116, -0.3903, 0.0787
-0.1929, -0.1967, 0.0038
-0.0943, 0.1002, 0.1945
-0.0206, 0.0061, 0.0267
0.0248, 0.0545, 0.0297
0.0406, 0.1078, 0.0672
0.0275, 0.1728, 0.1453
-0.0120, -0.0181, 0.0061
-0.0735, 0.0262, 0.0997
-0.1509, -0.1987, 0.0478
-0.2373, -0.1987, 0.0386
-0.3248, -0.4188, 0.0940
-0.4055, -0.1858, 0.2197
-0.4720, -0.5343, 0.0623
-0.5173, -0.7225, 0.2052
-0.5359, -0.5673, 0.0314
-0.5240, -0.6278, 0.1038
-0.4795, -0.5473, 0.0678
-0.4025, -0.4627, 0.0602
-0.2948, -0.3220, 0.0272
-0.1605, -0.0911, 0.0694
-0.0046, 0.0128, 0.0174
0.1662, 0.0496, 0.1166
0.3444, 0.3769, 0.0325
0.5222, 0.5574, 0.0352
0.6922, 0.7237, 0.0315
0.8474, 0.8857, 0.0383
0.9819, 1.0207, 0.0388
1.0916, 1.0935, 0.0019
1.1740, 1.2044, 0.0304
1.2282, 1.2224, 0.0058
1.2555, 1.2866, 0.0311
1.2587, 1.3189, 0.0602
1.2426, 1.2007, 0.0419
1.2130, 1.2126, 0.0004
1.1768, 1.2054, 0.0286
1.1413, 1.1054, 0.0359
1.1138, 1.1537, 0.0399
1.1013, 0.9563, 0.1450
1.1098, 1.1381, 0.0283
1.1442, 1.1031, 0.0411
1.2079, 1.1854, 0.0225
1.3026, 1.2335, 0.0691
1.4282, 1.3464, 0.0818
1.5830, 1.5259, 0.0571
1.7637, 1.6444, 0.1193
1.9657, 1.8836, 0.0821
2.1835, 2.1224, 0.0611
2.4105, 2.4108, 0.0003
2.6403, 2.7576, 0.1173
2.8663, 2.9142, 0.0479
3.0822, 3.0535, 0.0287
3.2826, 3.2769, 0.0057
3.4630, 3.3981, 0.0649
3.6199, 3.5875, 0.0324
3.7512, 3.7680, 0.0168
3.8557, 3.7692, 0.0865
3.9337, 3.9648, 0.0311
3.9865, 3.7757, 0.2108
4.0162, 4.0430, 0.0268
4.0255, 4.0290, 0.0035
4.0174, 4.0542, 0.0368
3.9953, 3.8770, 0.1183
3.9622, 4.0559, 0.0937
3.9207, 3.9631, 0.0424
3.8731, 4.0491, 0.1760
3.8206, 3.8998, 0.0792
3.7642, 3.6288, 0.1354
3.7036, 3.8333, 0.1297
3.6382, 3.7331, 0.0949
3.5669, 3.5858, 0.0189
3.4881, 3.4527, 0.0354
3.4003, 3.5166, 0.1163
3.3019, 3.3703, 0.0684
3.1918, 3.1383, 0.0535
3.0693, 3.0687, 0.0006
2.9346, 2.9364, 0.0018
2.7887, 2.8263, 0.0376
2.6333, 2.6418, 0.0085
2.4708, 2.4196, 0.0512
2.3050, 2.3016, 0.0034
2.1397, 2.1498, 0.0101
1.9795, 1.9749, 0.0046
1.8289, 1.8379, 0.0090
1.6923, 1.6769, 0.0154
1.5738, 1.5693, 0.0045
1.4763, 1.4455, 0.0308
1.4022, 1.4388, 0.0366
1.3522, 1.3641, 0.0119
1.3258, 1.2893, 0.0365
1.3212, 1.3732, 0.0520
1.3351, 1.2907, 0.0444
1.3630, 1.4710, 0.1080
1.3996, 1.5351, 0.1355
1.4387, 1.4966, 0.0579
1.4743, 1.4402, 0.0341
1.4998, 1.5212, 0.0214
1.5101, 1.6911, 0.1810
1.5003, 1.6296, 0.1293
1.4670, 1.5730, 0.1060
1.4085, 1.5904, 0.1819
1.3248, 1.4927, 0.1679
1.2173, 1.2176, 0.0003
1.0896, 1.1173, 0.0277
0.9468, 0.9596, 0.0128
0.7953, 0.8190, 0.0237
0.6425, 0.6813, 0.0388
0.4965, 0.4891, 0.0074
0.3652, 0.3505, 0.0147
0.2564, 0.2391, 0.0173
0.1771, 0.1401, 0.0370
0.1330, 0.1426, 0.0096
0.1283, 0.0772, 0.0511
0.1656, 0.1890, 0.0234
0.2451, 0.0990, 0.1461
0.3656, 0.4276, 0.0620
0.5237, 0.2804, 0.2433
0.7146, 0.8185, 0.1039
0.9320, 0.7894, 0.1426
1.1690, 1.3085, 0.1395
1.4178, 1.4000, 0.0178
1.6707, 1.7374, 0.0667
1.9203, 1.8772, 0.0431
2.1599, 2.0490, 0.1109
2.3836, 2.3429, 0.0407
2.5871, 2.6283, 0.0412
2.7672, 2.7432, 0.0240
2.9224, 2.8598, 0.0626
3.0525, 3.0149, 0.0376
3.1586, 3.1560, 0.0026
3.2429, 3.1831, 0.0598
3.3086, 3.2971, 0.0115
3.3592, 3.3414, 0.0178
3.3986, 3.3734, 0.0252
3.4307, 3.3894, 0.0413
3.4588, 3.4145, 0.0443
3.4856, 3.3869, 0.0987
3.5132, 3.5346, 0.0214
3.5425, 3.5393, 0.0032
3.5736, 3.6154, 0.0418
3.6057, 3.6031, 0.0026
3.6371, 3.7019, 0.0648
3.6656, 3.6692, 0.0036
3.6885, 3.6984, 0.0099
3.7032, 3.7187, 0.0155
3.7070, 3.7281, 0.0211
3.6976, 3.7105, 0.0129
3.6736, 3.7265, 0.0529
3.6342, 3.6781, 0.0439
3.5795, 3.6823, 0.1028
3.5108, 3.5992, 0.0884
3.4303, 3.4301, 0.0002
3.3409, 3.3699, 0.0290
3.2466, 3.3256, 0.0790
3.1518, 3.1900, 0.0382
3.0611, 3.0634, 0.0023
2.9794, 2.9942, 0.0148
2.9110, 2.9380, 0.0270
2.8598, 2.8057, 0.0541
2.8289, 2.7712, 0.0577
2.8204, 2.7415, 0.0789
2.8351, 2.8593, 0.0242
2.8728, 2.7880, 0.0848
2.9319, 2.9726, 0.0407
3.0100, 2.9180, 0.0920
3.1034, 3.1966, 0.0932
3.2079, 3.0509, 0.1570
3.3188, 3.2445, 0.0743
3.4313, 3.3498, 0.0815
3.5406, 3.4323, 0.1083
3.6423, 3.5819, 0.0604
3.7327, 3.5914, 0.1413
3.8088, 3.7989, 0.0099
3.8690, 3.8909, 0.0219
3.9124, 3.8861, 0.0263
3.9393, 3.8791, 0.0602
3.9512, 3.8916, 0.0596
3.9505, 3.9749, 0.0244
3.9399, 3.9147, 0.0252
3.9235, 3.9752, 0.0517
3.9051, 3.8368, 0.0683
3.8889, 3.8434, 0.0455
3.8788, 3.9570, 0.0782
3.8783, 3.7475, 0.1308
3.8903, 3.8573, 0.0330
3.9170, 3.7942, 0.1228
3.9596, 3.9194, 0.0402
4.0187, 3.9875, 0.0312
4.0937, 4.0988, 0.0051
4.1833, 4.1747, 0.0086
4.2857, 4.2213, 0.0644
4.3982, 4.3870, 0.0112
4.5180, 4.5288, 0.0108
4.6419, 4.6523, 0.0104
4.7669, 4.7759, 0.0090
4.8900, 4.7952, 0.0948
5.0087, 5.0167, 0.0080
5.1209, 5.1075, 0.0134
5.2251, 5.2239, 0.0012
5.3201, 5.2953, 0.0248
5.4057, 5.4049, 0.0008
5.4819, 5.4918, 0.0099
5.5494, 5.5454, 0.0040
5.6094, 5.6157, 0.0063
5.6631, 5.6535, 0.0096
5.7120, 5.7086, 0.0034
5.7574, 5.7410, 0.0164
5.8005, 5.7818, 0.0187
5.8423, 5.8201, 0.0222
5.8832, 5.8448, 0.0384
5.9231, 5.8773, 0.0458
5.9617, 5.8923, 0.0694
5.9980, 6.0000, 0.0020
6.0305, 5.9254, 0.1051
6.0576, 6.0621, 0.0045
6.0773, 6.0879, 0.0106
6.0877, 6.0959, 0.0082
6.0868, 6.1051, 0.0183
6.0729, 6.0868, 0.0139
6.0448, 6.0869, 0.0421
6.0017, 6.0488, 0.0471
5.9433, 5.9100, 0.0333
5.8701, 5.9583, 0.0882
5.7832, 5.8336, 0.0504
5.6842, 5.7579, 0.0737
5.5754, 5.6080, 0.0326
5.4593, 5.5166, 0.0573
5.3391, 5.3566, 0.0175
5.2176, 5.2616, 0.0440
5.0977, 5.1358, 0.0381
4.9819, 4.9667, 0.0152
4.8724, 4.9415, 0.0691
4.7704, 4.7515, 0.0189
4.6768, 4.6675, 0.0093
4.5912, 4.5662, 0.0250
4.5128, 4.5007, 0.0121
4.4399, 4.4224, 0.0175
4.3701, 4.3554, 0.0147
4.3006, 4.3387, 0.0381
4.2286, 4.2048, 0.0238
4.1510, 4.2284, 0.0774
4.0652, 4.1274, 0.0622
3.9687, 3.9348, 0.0339
3.8602, 3.9618, 0.1016
3.7389, 3.7475, 0.0086
3.6054, 3.5187, 0.0867
3.4611, 3.3779, 0.0832
3.3087, 3.3912, 0.0825
3.1516, 3.1521, 0.0005
2.9944, 2.9538, 0.0406
2.8421, 2.7874, 0.0547
2.7004, 2.6411, 0.0593
2.5749, 2.5086, 0.0663
2.4708, 2.3941, 0.0767
2.3932, 2.3673, 0.0259
2.3460, 2.3562, 0.0102
2.3324, 2.3099, 0.0225
2.3542, 2.3073, 0.0469
2.4118, 2.3526, 0.0592
2.5045, 2.5005, 0.0040
2.6298, 2.5295, 0.1003
2.7845, 2.6945, 0.0900
2.9640, 2.7746, 0.1894
3.1630, 2.9723, 0.1907
3.3757, 3.3637, 0.0120
3.5958, 3.5876, 0.0082
3.8175, 3.7701, 0.0474
4.0348, 4.0342, 0.0006
4.2427, 4.2096, 0.0331
4.4367, 4.3590, 0.0777
4.6134, 4.5712, 0.0422
4.7702, 4.7478, 0.0224
4.9058, 4.8526, 0.0532
5.0198, 4.9992, 0.0206
5.1127, 5.0273, 0.0854
5.1860, 5.0293, 0.1567
5.2417, 5.2382, 0.0035
5.2823, 5.1937, 0.0886
5.3106, 5.3150, 0.0044
5.3295, 5.2537, 0.0758
5.3418, 5.3607, 0.0189
5.3501, 5.1501, 0.2000
5.3565, 5.3938, 0.0373
5.3628, 5.1786, 0.1842
5.3700, 5.2985, 0.0715
5.3790, 5.3980, 0.0190
5.3897, 5.2301, 0.1596
5.4021, 5.4101, 0.0080
5.4155, 5.4135, 0.0020
5.4289, 5.4190, 0.0099
5.4415, 5.4373, 0.0042
5.4522, 5.4490, 0.0032
5.4601, 5.4611, 0.0010
5.4645, 5.4678, 0.0033
5.4648, 5.4682, 0.0034
5.4608, 5.4542, 0.0066
5.4524, 5.4615, 0.0091
5.4401, 5.4042, 0.0359
5.4244, 5.4219, 0.0025
5.4062, 5.4309, 0.0247
5.3862, 5.3664, 0.0198
5.3656, 5.3779, 0.0123
5.3451, 5.3045, 0.0406
5.3254, 5.3228, 0.0026
5.3070, 5.3029, 0.0041
5.2899, 5.2915, 0.0016
5.2738, 5.2718, 0.0020
5.2580, 5.2600, 0.0020
5.2413, 5.2453, 0.0040
5.2223, 5.2357, 0.0134
5.1991, 5.2150, 0.0159
5.1700, 5.2038, 0.0338
5.1329, 5.1672, 0.0343
5.0861, 5.1012, 0.0151
5.0279, 5.0499, 0.0220
4.9571, 4.9900, 0.0329
4.8730, 4.8748, 0.0018
4.7754, 4.8153, 0.0399
4.6650, 4.6617, 0.0033
4.5429, 4.5499, 0.0070
4.4110, 4.4027, 0.0083
4.2718, 4.2762, 0.0044
4.1284, 4.1156, 0.0128
3.9841, 3.9878, 0.0037
3.8427, 3.8258, 0.0169
3.7076, 3.7115, 0.0039
3.5823, 3.6106, 0.0283
3.4698, 3.4742, 0.0044
3.3727, 3.4030, 0.0303
3.2929, 3.2976, 0.0047
3.2315, 3.2142, 0.0173
3.1887, 3.1941, 0.0054
3.1640, 3.0844, 0.0796
3.1562, 3.1638, 0.0076
3.1634, 3.1678, 0.0044
3.1834, 3.2048, 0.0214
3.2132, 3.2225, 0.0093
3.2504, 3.3058, 0.0554
3.2920, 3.2878, 0.0042
3.3357, 3.3290, 0.0067
3.3793, 3.3199, 0.0594
3.4215, 3.3873, 0.0342
3.4612, 3.5838, 0.1226
3.4981, 3.3886, 0.1095
3.5327, 3.4775, 0.0552
3.5661, 3.5740, 0.0079
3.5995, 3.4895, 0.1100
3.6348, 3.5955, 0.0393
3.6740, 3.5292, 0.1448
3.7188, 3.5573, 0.1615
3.7711, 3.7118, 0.0593
3.8321, 3.7180, 0.1141
3.9027, 3.8647, 0.0380
3.9831, 3.9888, 0.0057
4.0726, 4.0784, 0.0058
4.1701, 4.1645, 0.0056
4.2737, 4.2718, 0.0019
4.3808, 4.3858, 0.0050
4.4887, 4.4723, 0.0164
4.5941, 4.5877, 0.0064
4.6936, 4.6542, 0.0394
4.7842, 4.7567, 0.0275
4.8630, 4.8781, 0.0151
4.9277, 4.8709, 0.0568
4.9766, 5.0256, 0.0490
5.0090, 5.0062, 0.0028
5.0249, 4.9133, 0.1116
5.0251, 5.0280, 0.0029
5.0114, 4.8454, 0.1660
4.9863, 5.0593, 0.0730
4.9530, 5.0180, 0.0650
4.9151, 4.9343, 0.0192
4.8763, 4.7897, 0.0866
4.8405, 4.8557, 0.0152
4.8113, 4.8438, 0.0325
4.7918, 4.7744, 0.0174
4.7844, 4.8713, 0.0869
4.7909, 4.6999, 0.0910
4.8118, 4.7372, 0.0746
4.8472, 4.8036, 0.0436
4.8956, 4.9700, 0.0744
4.9552, 4.9612, 0.0060
5.0231, 4.8803, 0.1428
5.0960, 5.0920, 0.0040
5.1701, 5.1663, 0.0038
5.2417, 5.2256, 0.0161
5.3071, 5.3243, 0.0172
5.3626, 5.3398, 0.0228
5.4054, 5.4188, 0.0134
5.4331, 5.4510, 0.0179
5.4441, 5.4659, 0.0218
5.4378, 5.4628, 0.0250
5.4140, 5.4579, 0.0439
5.3737, 5.4473, 0.0736
5.3185, 5.4441, 0.1256
5.2502, 5.3833, 0.1331
5.1714, 5.1930, 0.0216
5.0845, 5.0712, 0.0133
4.9920, 5.0611, 0.0691
4.8962, 4.8648, 0.0314
4.7988, 4.8084, 0.0096
4.7012, 4.8512, 0.1500
4.6038, 4.6578, 0.0540
4.5067, 4.4918, 0.0149
4.4093, 4.4437, 0.0344
4.3102, 4.2857, 0.0245
4.2078, 4.2138, 0.0060
4.1004, 4.0687, 0.0317
3.9859, 3.9533, 0.0326
3.8628, 3.9095, 0.0467
3.7297, 3.6398, 0.0899
3.5857, 3.6418, 0.0561
3.4309, 3.4246, 0.0063
3.2659, 3.2564, 0.0095
3.0923, 3.1173, 0.0250
2.9124, 3.0587, 0.1463
2.7291, 2.7192, 0.0099
2.5462, 2.5237, 0.0225
2.3675, 2.3536, 0.0139
2.1972, 2.1665, 0.0307
2.0392, 2.0210, 0.0182
1.8970, 1.8585, 0.0385
1.7734, 1.7523, 0.0211
1.6704, 1.7274, 0.0570
1.5887, 1.6243, 0.0356
1.5282, 1.6173, 0.0891
1.4871, 1.5555, 0.0684
1.4630, 1.4491, 0.0139
1.4522, 1.5035, 0.0513
1.4501, 1.4413, 0.0088
1.4520, 1.5442, 0.0922
1.4528, 1.4537, 0.0009
1.4477, 1.6309, 0.1832
1.4322, 1.4650, 0.0328
1.4030, 1.3445, 0.0585
1.3575, 1.4270, 0.0695
1.2947, 1.3689, 0.0742
1.2150, 1.3056, 0.0906
1.1201, 1.1385, 0.0184
1.0131, 1.0465, 0.0334
0.8986, 0.9100, 0.0114
0.7820, 0.7652, 0.0168
0.6695, 0.6379, 0.0316
0.5674, 0.5308, 0.0366
0.4821, 0.4347, 0.0474
0.4195, 0.3826, 0.0369
0.3845, 0.3112, 0.0733
0.3808, 0.3351, 0.0457
0.4105, 0.3825, 0.0280
0.4742, 0.3824, 0.0918
0.5706, 0.4625, 0.1081
0.6968, 0.7339, 0.0371
0.8480, 0.8400, 0.0080
1.0185, 0.9834, 0.0351
1.2014, 1.1881, 0.0133
1.3893, 1.3674, 0.0219
1.5745, 1.5774, 0.0029
1.7499, 1.7508, 0.0009
1.9088, 1.9329, 0.0241
2.0461, 2.0465, 0.0004
2.1575, 2.1963, 0.0388
2.2410, 2.2703, 0.0293
2.2960, 2.3504, 0.0544
2.3237, 2.3594, 0.0357
2.3270, 2.3330, 0.0060
2.3103, 2.3270, 0.0167
2.2793, 2.2770, 0.0023
2.2401, 2.2692, 0.0291
2.1995, 2.1415, 0.0580
2.1641, 2.2131, 0.0490
2.1397, 1.9991, 0.1406
2.1315, 2.1655, 0.0340
2.1433, 2.2682, 0.1249
2.1773, 2.2724, 0.0951
2.2342, 2.3001, 0.0659
2.3130, 2.1900, 0.1230
2.4109, 2.4661, 0.0552
2.5240, 2.5059, 0.0181
2.6471, 2.5896, 0.0575
2.7746, 2.7244, 0.0502
2.9002, 2.7958, 0.1044
3.0178, 2.9276, 0.0902
3.1218, 3.1582, 0.0364
3.2076, 3.2624, 0.0548
3.2714, 3.3153, 0.0439
3.3112, 3.3300, 0.0188
3.3261, 3.3751, 0.0490
3.3169, 3.3483, 0.0314
3.2858, 3.3294, 0.0436
3.2363, 3.3217, 0.0854
3.1728, 3.2903, 0.1175
3.1007, 3.3211, 0.2204
3.0252, 3.2297, 0.2045
2.9518, 2.8914, 0.0604
2.8853, 2.6325, 0.2528
2.8299, 2.8041, 0.0258
2.7885, 2.7729, 0.0156
2.7626, 2.6445, 0.1181
2.7525, 2.7792, 0.0267
2.7568, 2.6641, 0.0927
2.7729, 2.7586, 0.0143
2.7968, 2.6461, 0.1507
2.8241, 2.8412, 0.0171
2.8494, 2.8905, 0.0411
2.8674, 3.1021, 0.2347
2.8729, 3.0577, 0.1848
2.8612, 3.0577, 0.1965
2.8289, 2.9335, 0.1046
2.7736, 2.9171, 0.1435
2.6943, 2.7972, 0.1029
2.5916, 2.6957, 0.1041
2.4675, 2.5253, 0.0578
2.3257, 2.3240, 0.0017
2.1708, 2.2473, 0.0765
2.0087, 1.9985, 0.0102
1.8456, 1.9231, 0.0775
1.6881, 1.6644, 0.0237
1.5426, 1.5611, 0.0185
1.4147, 1.3732, 0.0415
1.3091, 1.1991, 0.1100
1.2292, 1.1968, 0.0324
1.1768, 1.2736, 0.0968
1.1522, 1.0879, 0.0643
1.1540, 1.1157, 0.0383
1.1792, 1.0792, 0.1000
1.2235, 1.1248, 0.0987
1.2817, 1.6436, 0.3619
1.3478, 1.1470, 0.2008
1.4155, 1.4478, 0.0323
1.4788, 1.5127, 0.0339
1.5323, 1.6744, 0.1421
1.5713, 1.7283, 0.1570
1.5926, 1.7605, 0.1679
1.5946, 1.5196, 0.0750
1.5771, 1.8159, 0.2388
1.5417, 1.4756, 0.0661
1.4914, 1.3580, 0.1334
1.4307, 1.3985, 0.0322
1.3654, 1.2950, 0.0704
1.3018, 1.2408, 0.0610
1.2466, 1.3219, 0.0753
1.2067, 1.1378, 0.0689
1.1883, 1.0902, 0.0981
1.1969, 1.1016, 0.0953
1.2369, 1.1429, 0.0940
1.3109, 1.1620, 0.1489
1.4203, 1.3588, 0.0615
1.5646, 1.5769, 0.0123
1.7418, 1.8051, 0.0633
1.9485, 1.9118, 0.0367
2.1796, 2.1867, 0.0071
2.4295, 2.4241, 0.0054
2.6915, 2.6265, 0.0650
2.9587, 2.9553, 0.0034
3.2244, 3.2427, 0.0183
3.4821, 3.4791, 0.0030
3.7260, 3.7500, 0.0240
3.9511, 3.9420, 0.0091
4.1539, 4.1832, 0.0293
4.3317, 4.3817, 0.0500
4.4832, 4.4207, 0.0625
4.6086, 4.5764, 0.0322
4.7088, 4.7314, 0.0226
4.7862, 4.7451, 0.0411
4.8437, 4.8848, 0.0411
4.8849, 4.8843, 0.0006
4.9136, 4.9082, 0.0054
4.9338, 4.9453, 0.0115
4.9492, 4.9443, 0.0049
4.9632, 4.9796, 0.0164
4.9786, 4.9709, 0.0077
4.9974, 5.0120, 0.0146
5.0212, 4.9202, 0.1010
5.0504, 5.0546, 0.0042
5.0851, 5.0662, 0.0189
5.1246, 5.0999, 0.0247
5.1674, 5.1613, 0.0061
5.2121, 5.1716, 0.0405
5.2569, 5.2527, 0.0042
5.2999, 5.2935, 0.0064
5.3395, 5.3384, 0.0011
5.3744, 5.4282, 0.0538
5.4036, 5.4400, 0.0364
5.4266, 5.4633, 0.0367
5.4436, 5.4789, 0.0353
5.4553, 5.4895, 0.0342
5.4627, 5.4923, 0.0296
5.4676, 5.4628, 0.0048
5.4719, 5.4720, 0.0001
5.4776, 5.4556, 0.0220
5.4871, 5.4808, 0.0063
5.5024, 5.4747, 0.0277
5.5252, 5.5040, 0.0212
5.5569, 5.5336, 0.0233
5.5983, 5.5581, 0.0402
5.6497, 5.6120, 0.0377
5.7107, 5.7038, 0.0069
5.7804, 5.7425, 0.0379
5.8574, 5.8542, 0.0032
5.9398, 5.8943, 0.0455
6.0252, 5.9754, 0.0498
6.1112, 6.0507, 0.0605
6.1954, 6.2014, 0.0060
6.2753, 6.1927, 0.0826
6.3488, 6.3583, 0.0095
6.4140, 6.4347, 0.0207
6.4694, 6.4812, 0.0118
6.5142, 6.4984, 0.0158
6.5477, 6.5599, 0.0122
6.5701, 6.5915, 0.0214
6.5818, 6.5946, 0.0128
6.5838, 6.6125, 0.0287
6.5772, 6.5964, 0.0192
6.5633, 6.5626, 0.0007
6.5434, 6.5953, 0.0519
6.5187, 6.5139, 0.0048
6.4904, 6.4842, 0.0062
6.4593, 6.4511, 0.0082
6.4259, 6.4852, 0.0593
6.3904, 6.3868, 0.0036
6.3526, 6.4022, 0.0496
6.3122, 6.3309, 0.0187
6.2687, 6.2411, 0.0276
6.2215, 6.2887, 0.0672
6.1702, 6.1713, 0.0011
6.1145, 6.1227, 0.0082
6.0545, 6.0607, 0.0062
5.9909, 6.0019, 0.0110
5.9250, 5.8930, 0.0320
5.8587, 5.8650, 0.0063
5.7943, 5.8122, 0.0179
5.7349, 5.7184, 0.0165
5.6840, 5.7030, 0.0190
5.6456, 5.6366, 0.0090
5.6235, 5.5962, 0.0273
5.6217, 5.5953, 0.0264
5.6438, 5.6118, 0.0320
5.6927, 5.6395, 0.0532
5.7708, 5.6934, 0.0774
5.8791, 5.7050, 0.1741
6.0177, 5.9123, 0.1054
6.1853, 6.0007, 0.1846
6.3794, 6.1941, 0.1853
6.5961, 6.5193, 0.0768
6.8304, 6.7442, 0.0862
7.0765, 7.0854, 0.0089
7.3278, 7.2567, 0.0711
7.5771, 7.5416, 0.0355
7.8172, 7.7640, 0.0532
8.0413, 8.0025, 0.0388
8.2430, 8.2559, 0.0129
8.4165, 8.4632, 0.0467
8.5571, 8.5842, 0.0271
8.6615, 8.7036, 0.0421
8.7275, 8.7475, 0.0200
8.7544, 8.8390, 0.0846
8.7427, 8.7867, 0.0440
8.6945, 8.7926, 0.0981
8.6126, 8.7456, 0.1330
8.5008, 8.6022, 0.1014
8.3636, 8.5548, 0.1912
8.2058, 8.4679, 0.2621
8.0325, 8.4467, 0.4142
7.8484, 7.9888, 0.1404
7.6579, 7.6790, 0.0211
7.4650, 7.2744, 0.1906
7.2728, 7.3676, 0.0948
7.0838, 7.3104, 0.2266
6.8993, 6.6671, 0.2322
6.7204, 6.5539, 0.1665
6.5469, 6.5288, 0.0181
6.3787, 6.5239, 0.1452
6.2149, 6.1970, 0.0179
6.0544, 5.9632, 0.0912
5.8962, 5.8265, 0.0697
5.7396, 5.4932, 0.2464
5.5840, 5.4864, 0.0976
5.4293, 5.5260, 0.0967
5.2762, 5.3488, 0.0726
5.1254, 5.0543, 0.0711
4.9788, 4.8565, 0.1223
4.8383, 4.6999, 0.1384
4.7064, 4.6945, 0.0119
4.5856, 4.4759, 0.1097
4.4786, 4.4646, 0.0140
4.3878, 4.3586, 0.0292
4.3155, 4.2985, 0.0170
4.2630, 4.2285, 0.0345
4.2312, 4.2124, 0.0188
4.2200, 4.1829, 0.0371
4.2286, 4.2093, 0.0193
4.2551, 4.2240, 0.0311
4.2968, 4.2529, 0.0439
4.3503, 4.2382, 0.1121
4.4117, 4.2370, 0.1747
4.4768, 4.4348, 0.0420
4.5412, 4.4162, 0.1250
4.6006, 4.5282, 0.0724
4.6511, 4.7549, 0.1038
4.6892, 4.5998, 0.0894
4.7124, 4.9281, 0.2157
4.7188, 4.5891, 0.1297
4.7075, 4.7041, 0.0034
4.6786, 4.7209, 0.0423
4.6331, 4.6098, 0.0233
4.5729, 4.5281, 0.0448
4.5004, 4.3713, 0.1291
4.4186, 4.3253, 0.0933
4.3306, 4.4761, 0.1455
4.2397, 4.1082, 0.1315
4.1488, 4.2119, 0.0631
4.0606, 4.1695, 0.1089
3.9769, 3.9762, 0.0007
3.8988, 3.9406, 0.0418
3.8267, 3.7833, 0.0434
3.7600, 3.7621, 0.0021
3.6975, 3.7119, 0.0144
3.6371, 3.6470, 0.0099
3.5765, 3.5687, 0.0078
3.5131, 3.5656, 0.0525
3.4442, 3.4470, 0.0028
3.3673, 3.3503, 0.0170
3.2804, 3.3013, 0.0209
3.1824, 3.1886, 0.0062
3.0731, 3.1157, 0.0426
2.9531, 2.9512, 0.0019
2.8241, 2.8111, 0.0130
2.6891, 2.6727, 0.0164
2.5518, 2.5465, 0.0053
2.4167, 2.3849, 0.0318
2.2888, 2.3000, 0.0112
2.1734, 2.1692, 0.0042
2.0760, 2.0849, 0.0089
2.0012, 1.9872, 0.0140
1.9534, 1.9605, 0.0071
1.9356, 1.9134, 0.0222
1.9500, 1.9545, 0.0045
1.9969, 2.0873, 0.0904
2.0757, 1.9466, 0.1291
2.1841, 2.0515, 0.1326
2.3184, 2.2490, 0.0694
2.4740, 2.5065, 0.0325
2.6452, 2.6536, 0.0084
2.8260, 2.8891, 0.0631
3.0098, 3.0315, 0.0217
3.1904, 3.2950, 0.1046
3.3619, 3.4246, 0.0627
3.5193, 3.5681, 0.0488
3.6586, 3.6157, 0.0429
3.7771, 3.8455, 0.0684
3.8734, 3.9036, 0.0302
3.9474, 3.9389, 0.0085
4.0005, 3.9894, 0.0111
4.0353, 4.0104, 0.0249
4.0553, 4.0275, 0.0278
4.0651, 3.9917, 0.0734
4.0693, 4.0364, 0.0329
4.0732, 3.8835, 0.1897
4.0816, 3.9693, 0.1123
4.0991, 3.9541, 0.1450
4.1296, 3.9847, 0.1449
4.1760, 4.1813, 0.0053
4.2404, 4.1832, 0.0572
4.3237, 4.3257, 0.0020
4.4255, 4.3528, 0.0727
4.5446, 4.5330, 0.0116
4.6788, 4.6616, 0.0172
4.8252, 4.7906, 0.0346
4.9803, 4.9226, 0.0577
5.1402, 5.1906, 0.0504
5.3009, 5.1981, 0.1028
5.4584, 5.4954, 0.0370
5.6092, 5.6234, 0.0142
5.7498, 5.7752, 0.0254
5.8776, 5.8772, 0.0004
5.9904, 5.9618, 0.0286
6.0867, 6.0762, 0.0105
6.1657, 6.1743, 0.0086
6.2270, 6.2089, 0.0181
6.2707, 6.2748, 0.0041
6.2974, 6.2747, 0.0227
6.3078, 6.3226, 0.0148
6.3026, 6.2497, 0.0529
6.2827, 6.3198, 0.0371
6.2484, 6.2601, 0.0117
6.1999, 6.3161, 0.1162
6.1372, 6.1950, 0.0578
6.0599, 6.0647, 0.0048
5.9672, 6.1173, 0.1501
5.8581, 5.9385, 0.0804
5.7315, 5.7908, 0.0593
5.5866, 5.8010, 0.2144
5.4226, 5.5039, 0.0813
5.2391, 5.0606, 0.1785
5.0364, 4.9433, 0.0931
4.8154, 4.7953, 0.0201
4.5780, 4.6186, 0.0406
4.3266, 4.2884, 0.0382
4.0649, 4.1295, 0.0646
3.7971, 3.8897, 0.0926
3.5278, 3.6003, 0.0725
3.2628, 3.3496, 0.0868
3.0077, 2.9702, 0.0375
2.7681, 2.8054, 0.0373
2.5493, 2.6219, 0.0726
2.3560, 2.3888, 0.0328
2.1920, 2.2805, 0.0885
2.0598, 2.0711, 0.0113
1.9609, 1.9576, 0.0033
1.8951, 1.9167, 0.0216
1.8607, 1.9321, 0.0714
1.8548, 1.8846, 0.0298
1.8732, 2.1126, 0.2394
1.9105, 1.9901, 0.0796
1.9608, 1.8588, 0.1020
2.0178, 2.1192, 0.1014
2.0751, 1.8320, 0.2431
2.1267, 2.0575, 0.0692
2.1674, 2.1624, 0.0050
2.1930, 2.2830, 0.0900
2.2006, 2.0854, 0.1152
2.1885, 2.1443, 0.0442
2.1568, 2.3108, 0.1540
2.1067, 2.1342, 0.0275
2.0412, 2.3544, 0.3132
1.9641, 1.9098, 0.0543
1.8804, 1.8511, 0.0293
1.7955, 1.7666, 0.0289
1.7150, 1.7486, 0.0336
1.6442, 1.5914, 0.0528
1.5881, 1.5645, 0.0236
1.5506, 1.5904, 0.0398
1.5345, 1.5373, 0.0028
1.5415, 1.4966, 0.0449
1.5715, 1.6478, 0.0763
1.6232, 1.5168, 0.1064
1.6939, 1.5662, 0.1277
1.7795, 1.5334, 0.2461
1.8754, 1.7078, 0.1676
1.9764, 1.8672, 0.1092
2.0767, 2.0886, 0.0119
2.1711, 2.1984, 0.0273
2.2547, 2.2843, 0.0296
2.3236, 2.3511, 0.0275
2.3749, 2.3783, 0.0034
2.4073, 2.3883, 0.0190
2.4205, 2.4193, 0.0012
2.4160, 2.4106, 0.0054
2.3964, 2.3844, 0.0120
2.3656, 2.4149, 0.0493
2.3284, 2.4205, 0.0921
2.2902, 2.3388, 0.0486
2.2566, 2.2533, 0.0033
2.2330, 2.2907, 0.0577
2.2242, 2.0849, 0.1393
2.2343, 2.2742, 0.0399
2.2658, 2.1400, 0.1258
2.3202, 2.1993, 0.1209
2.3972, 2.3887, 0.0085
2.4952, 2.3898, 0.1054
2.6107, 2.5769, 0.0338
2.7394, 2.6507, 0.0887
2.8757, 2.8460, 0.0297
3.0135, 2.9644, 0.0491
3.1464, 3.1290, 0.0174
3.2681, 3.3190, 0.0509
3.3730, 3.3694, 0.0036
3.4562, 3.5325, 0.0763
3.5143, 3.4992, 0.0151
3.5451, 3.6227, 0.0776
3.5480, 3.5349, 0.0131
3.5243, 3.5517, 0.0274
3.4766, 3.5431, 0.0665
3.4091, 3.5140, 0.1049
3.3272, 3.4888, 0.1616
3.2370, 3.4751, 0.2381
3.1453, 3.3541, 0.2088
3.0588, 3.0465, 0.0123
2.9840, 3.2697, 0.2857
2.9266, 2.9282, 0.0016
2.8914, 2.9222, 0.0308
2.8818, 2.8810, 0.0008
2.8997, 2.8036, 0.0961
2.9455, 2.9134, 0.0321
3.0181, 2.9870, 0.0311
3.1150, 3.0048, 0.1102
3.2327, 3.2518, 0.0191
3.3665, 3.5836, 0.2171
3.5112, 3.6607, 0.1495
3.6615, 3.5779, 0.0836
3.8121, 3.7893, 0.0228
3.9582, 3.9935, 0.0353
4.0957, 4.0993, 0.0036
4.2216, 4.2033, 0.0183
4.3338, 4.3241, 0.0097
4.4315, 4.4020, 0.0295
4.5152, 4.4859, 0.0293
4.5863, 4.5730, 0.0133
4.6474, 4.6482, 0.0008
4.7016, 4.6523, 0.0493
4.7527, 4.7400, 0.0127
4.8047, 4.7613, 0.0434
4.8613, 4.8282, 0.0331
4.9262, 4.8558, 0.0704
5.0022, 4.9436, 0.0586
5.0913, 5.0467, 0.0446
5.1947, 5.1348, 0.0599
5.3126, 5.2399, 0.0727
5.4440, 5.4343, 0.0097
5.5871, 5.5687, 0.0184
5.7394, 5.7330, 0.0064
5.8976, 5.8873, 0.0103
6.0579, 6.0573, 0.0006
6.2165, 6.0890, 0.1275
6.3695, 6.4074, 0.0379
6.5132, 6.5605, 0.0473
6.6445, 6.6568, 0.0123
6.7609, 6.6572, 0.1037
6.8608, 6.7736, 0.0872
6.9432, 6.9121, 0.0311
7.0079, 6.9942, 0.0137
7.0558, 7.0081, 0.0477
7.0886, 7.0560, 0.0326
7.1084, 7.1203, 0.0119
7.1181, 7.0641, 0.0540
7.1208, 7.0914, 0.0294
7.1198, 7.0708, 0.0490
7.1183, 7.1294, 0.0111
7.1194, 7.2415, 0.1221
7.1259, 7.1320, 0.0061
7.1398, 7.1326, 0.0072
7.1627, 7.1571, 0.0056
7.1958, 7.1721, 0.0237
7.2391, 7.2047, 0.0344
7.2924, 7.2500, 0.0424
7.3547, 7.3204, 0.0343
7.4246, 7.3809, 0.0437
7.5002, 7.4269, 0.0733
7.5793, 7.5708, 0.0085
7.6596, 7.6229, 0.0367
7.7387, 7.7526, 0.0139
7.8145, 7.7712, 0.0433
7.8850, 7.9001, 0.0151
7.9486, 7.9588, 0.0102
8.0039, 8.0135, 0.0096
8.0500, 8.0600, 0.0100
8.0867, 8.0918, 0.0051
8.1139, 8.1245, 0.0106
8.1324, 8.1500, 0.0176
8.1427, 8.1428, 0.0001
8.1463, 8.1231, 0.0232
8.1444, 8.1434, 0.0010
8.1386, 8.1347, 0.0039
8.1301, 8.1241, 0.0060
8.1203, 8.0958, 0.0245
8.1103, 8.0931, 0.0172
8.1010, 8.0284, 0.0726
8.0930, 8.0551, 0.0379
8.0865, 8.1204, 0.0339
8.0816, 7.9423, 0.1393
8.0777, 8.0572, 0.0205
8.0744, 8.1405, 0.0661
8.0710, 8.0371, 0.0339
8.0664, 8.0505, 0.0159
8.0598, 8.0185, 0.0413
8.0504, 8.0393, 0.0111
8.0375, 8.0520, 0.0145
8.0205, 8.0315, 0.0110
7.9990, 8.0771, 0.0781
7.9733, 7.9794, 0.0061
7.9434, 7.9505, 0.0071
7.9101, 7.9193, 0.0092
7.8741, 7.8740, 0.0001
7.8364, 7.8325, 0.0039
7.7981, 7.7891, 0.0090
7.7603, 7.7515, 0.0088
7.7240, 7.7295, 0.0055
7.6903, 7.6907, 0.0004
7.6597, 7.6518, 0.0079
7.6327, 7.6328, 0.0001
7.6095, 7.6022, 0.0073
7.5897, 7.5918, 0.0021
7.5727, 7.5651, 0.0076
7.5579, 7.5647, 0.0068
7.5441, 7.5625, 0.0184
7.5301, 7.5421, 0.0120
7.5145, 7.5331, 0.0186
7.4960, 7.5219, 0.0259
7.4733, 7.4939, 0.0206
7.4451, 7.4812, 0.0361
7.4105, 7.4160, 0.0055
7.3685, 7.4177, 0.0492
7.3188, 7.3248, 0.0060
7.2608, 7.2757, 0.0149
7.1946, 7.2000, 0.0054
7.1202, 7.1481, 0.0279
7.0377, 7.0417, 0.0040
6.9472, 6.9940, 0.0468
6.8488, 6.8952, 0.0464
6.7423, 6.7554, 0.0131
6.6275, 6.6281, 0.0006
6.5039, 6.5395, 0.0356
6.3706, 6.3702, 0.0004
6.2266, 6.2578, 0.0312
6.0708, 6.0695, 0.0013
5.9017, 5.9726, 0.0709
5.7182, 5.7162, 0.0020
5.5195, 5.5817, 0.0622
5.3048, 5.3012, 0.0036
5.0742, 5.1400, 0.0658
4.8284, 4.8212, 0.0072
4.5688, 4.5517, 0.0171
4.2981, 4.2860, 0.0121
4.0194, 3.9914, 0.0280
3.7371, 3.7186, 0.0185
3.4561, 3.4146, 0.0415
3.1823, 3.1568, 0.0255
2.9219, 2.8659, 0.0560
2.6811, 2.6485, 0.0326
2.4661, 2.5484, 0.0823
2.2826, 2.2446, 0.0380
2.1354, 2.2146, 0.0792
2.0282, 2.0858, 0.0576
1.9631, 1.9376, 0.0255
1.9409, 1.9048, 0.0361
1.9604, 1.9048, 0.0556
2.0188, 1.9377, 0.0811
2.1115, 2.0007, 0.1108
2.2327, 2.1453, 0.0874
2.3749, 2.2226, 0.1523
2.5304, 2.3207, 0.2097
2.6905, 2.6129, 0.0776
2.8472, 2.6237, 0.2235
2.9925, 2.9218, 0.0707
3.1196, 2.7960, 0.3236
3.2230, 3.1147, 0.1083
3.2989, 3.6225, 0.3236
3.3453, 3.1398, 0.2055
3.3622, 3.2963, 0.0659
3.3514, 3.4370, 0.0856
3.3168, 3.4373, 0.1205
3.2635, 3.1275, 0.1360
3.1982, 3.0690, 0.1292
3.1280, 3.1531, 0.0251
3.0605, 2.8808, 0.1797
3.0032, 3.0615, 0.0583
2.9628, 2.8370, 0.1258
2.9448, 3.0634, 0.1186
2.9533, 2.9122, 0.0411
2.9909, 3.0245, 0.0336
3.0578, 3.0363, 0.0215
3.1528, 3.2757, 0.1229
3.2724, 3.1447, 0.1277
3.4118, 3.3133, 0.0985
3.5647, 3.5440, 0.0207
3.7240, 3.7062, 0.0178
3.8822, 3.9063, 0.0241
4.0317, 4.0054, 0.0263
4.1654, 4.2042, 0.0388
4.2773, 4.3092, 0.0319
4.3626, 4.4047, 0.0421
4.4181, 4.4823, 0.0642
4.4423, 4.4041, 0.0382
4.4355, 4.4655, 0.0300
4.3997, 4.4495, 0.0498
4.3386, 4.4288, 0.0902
4.2571, 4.4056, 0.1485
4.1611, 4.1597, 0.0014
4.0570, 4.0905, 0.0335
3.9513, 3.9731, 0.0218
3.8501, 3.8890, 0.0389
3.7587, 3.8202, 0.0615
3.6814, 3.7488, 0.0674
3.6209, 3.7329, 0.1120
3.5784, 3.7513, 0.1729
3.5535, 3.4531, 0.1004
3.5442, 3.7256, 0.1814
3.5469, 3.4789, 0.0680
3.5573, 3.5573, 0.0000
3.5701, 3.5851, 0.0150
3.5796, 3.8745, 0.2949
3.5802, 3.7779, 0.1977
3.5666, 3.8309, 0.2643
3.5348, 3.6463, 0.1115
3.4815, 3.7070, 0.2255
3.4051, 3.5736, 0.1685
3.3054, 3.3848, 0.0794
3.1839, 3.2412, 0.0573
3.0434, 3.0501, 0.0067
2.8883, 2.9570, 0.0687
2.7239, 2.8011, 0.0772
2.5563, 2.6318, 0.0755
2.3920, 2.3908, 0.0012
2.2372, 2.2700, 0.0328
2.0978, 2.1116, 0.0138
1.9789, 1.9553, 0.0236
1.8840, 1.8581, 0.0259
1.8155, 1.7733, 0.0422
1.7741, 1.7209, 0.0532
1.7588, 1.7759, 0.0171
1.7674, 1.6816, 0.0858
1.7959, 1.8342, 0.0383
1.8397, 1.7111, 0.1286
1.8932, 1.9659, 0.0727
1.9507, 2.0717, 0.1210
2.0065, 2.3154, 0.3089
2.0554, 2.1045, 0.0491
2.0930, 2.2702, 0.1772
2.1162, 2.1943, 0.0781
2.1231, 2.2973, 0.1742
2.1133, 2.2081, 0.0948
2.0877, 2.1063, 0.0186
2.0488, 2.1253, 0.0765
2.0001, 1.9455, 0.0546
1.9460, 1.8579, 0.0881
1.8917, 1.8941, 0.0024
1.8424, 1.8413, 0.0011
1.8029, 1.7390, 0.0639
1.7777, 1.7460, 0.0317
1.7703, 1.7289, 0.0414
1.7829, 1.7956, 0.0127
1.8160, 1.8895, 0.0735
1.8691, 1.8036, 0.0655
1.9397, 2.0984, 0.1587
2.0241, 2.1085, 0.0844
2.1174, 2.0650, 0.0524
2.2139, 2.1470, 0.0669
2.3072, 2.3388, 0.0316
2.3910, 2.4175, 0.0265
2.4593, 2.4907, 0.0314
2.5068, 2.5024, 0.0044
2.5293, 2.5784, 0.0491
2.5241, 2.5632, 0.0391
2.4900, 2.5461, 0.0561
2.4278, 2.4771, 0.0493
2.3397, 2.4822, 0.1425
2.2298, 2.3727, 0.1429
2.1035, 2.4042, 0.3007
1.9675, 1.9937, 0.0262
1.8291, 1.8272, 0.0019
1.6962, 1.8513, 0.1551
1.5763, 1.5673, 0.0090
1.4769, 1.4813, 0.0044
1.4041, 1.3628, 0.0413
1.3632, 1.3500, 0.0132
1.3577, 1.2668, 0.0909
1.3897, 1.3455, 0.0442
1.4593, 1.4110, 0.0483
1.5653, 1.2699, 0.2954
1.7046, 1.7886, 0.0840
1.8730, 1.6626, 0.2104
2.0655, 2.1349, 0.0694
2.2760, 2.0163, 0.2597
2.4983, 2.4774, 0.0209
2.7260, 2.7220, 0.0040
2.9533, 2.9270, 0.0263
3.1747, 3.1666, 0.0081
3.3857, 3.3380, 0.0477
3.5827, 3.5686, 0.0141
3.7628, 3.7324, 0.0304
3.9246, 3.9042, 0.0204
4.0674, 4.0363, 0.0311
4.1913, 4.1658, 0.0255
4.2975, 4.2783, 0.0192
4.3871, 4.3595, 0.0276
4.4620, 4.4537, 0.0083
4.5239, 4.5055, 0.0184
4.5744, 4.5597, 0.0147
4.6148, 4.5947, 0.0201
4.6460, 4.6324, 0.0136
4.6682, 4.6552, 0.0130
4.6814, 4.6167, 0.0647
4.6848, 4.6882, 0.0034
4.6771, 4.7141, 0.0370
4.6571, 4.7128, 0.0557
4.6232, 4.7098, 0.0866
4.5740, 4.7081, 0.1341
4.5085, 4.6971, 0.1886
4.4259, 4.5247, 0.0988
4.3263, 4.4503, 0.1240
4.2104, 4.2857, 0.0753
4.0799, 4.2908, 0.2109
3.9374, 4.1229, 0.1855
3.7862, 3.7976, 0.0114
3.6305, 3.6074, 0.0231
3.4748, 3.5254, 0.0506
3.3245, 3.3147, 0.0098
3.1846, 3.1822, 0.0024
3.0601, 3.0353, 0.0248
2.9556, 2.9446, 0.0110
2.8748, 2.8200, 0.0548
2.8205, 2.7800, 0.0405
2.7941, 2.8047, 0.0106
2.7955, 2.7139, 0.0816
2.8235, 2.8327, 0.0092
2.8750, 2.7446, 0.1304
2.9461, 2.9336, 0.0125
3.0313, 3.1189, 0.0876
3.1247, 3.0502, 0.0745
3.2198, 3.1477, 0.0721
3.3099, 3.3887, 0.0788
3.3889, 3.2305, 0.1584
3.4513, 3.5207, 0.0694
3.4925, 3.4964, 0.0039
3.5094, 3.6626, 0.1532
3.5006, 3.5083, 0.0077
3.4660, 3.3524, 0.1136
3.4075, 3.3149, 0.0926
3.3283, 3.2555, 0.0728
3.2333, 3.5725, 0.3392
3.1282, 3.0789, 0.0493
3.0196, 3.0720, 0.0524
2.9145, 3.0134, 0.0989
2.8196, 2.8704, 0.0508
2.7411, 2.6912, 0.0499
2.6844, 2.6645, 0.0199
2.6534, 2.6036, 0.0498
2.6508, 2.7586, 0.1078
2.6774, 2.6432, 0.0342
2.7321, 2.6473, 0.0848
2.8125, 2.8429, 0.0304
2.9146, 2.7759, 0.1387
3.0331, 2.6852, 0.3479
3.1618, 3.2204, 0.0586
3.2944, 3.2204, 0.0740
3.4240, 3.4866, 0.0626
3.5445, 3.5414, 0.0031
3.6503, 3.4368, 0.2135
3.7369, 3.7508, 0.0139
3.8014, 3.7788, 0.0226
3.8421, 3.8703, 0.0282
3.8591, 3.8899, 0.0308
3.8539, 3.8999, 0.0460
3.8294, 3.8761, 0.0467
3.7899, 3.7302, 0.0597
3.7405, 3.8295, 0.0890
3.6869, 3.5040, 0.1829
3.6349, 3.5753, 0.0596
3.5904, 3.4629, 0.1275
3.5585, 3.4126, 0.1459
3.5435, 3.5042, 0.0393
3.5488, 3.4766, 0.0722
3.5761, 3.5435, 0.0326
3.6262, 3.3551, 0.2711
3.6982, 3.6486, 0.0496
3.7901, 3.7917, 0.0016
3.8987, 3.9006, 0.0019
4.0202, 4.0487, 0.0285
4.1498, 4.1524, 0.0026
4.2828, 4.3097, 0.0269
4.4144, 4.4068, 0.0076
4.5401, 4.5435, 0.0034
4.6563, 4.6315, 0.0248
4.7600, 4.7972, 0.0372
4.8494, 4.8076, 0.0418
4.9236, 4.9827, 0.0591
4.9829, 4.9682, 0.0147
5.0285, 5.0352, 0.0067
5.0627, 5.0842, 0.0215
5.0886, 5.1028, 0.0142
5.1096, 5.0957, 0.0139
5.1295, 5.0885, 0.0410
5.1521, 5.1815, 0.0294
5.1810, 5.1658, 0.0152
5.2192, 5.1456, 0.0736
5.2691, 5.2329, 0.0362
5.3324, 5.2727, 0.0597
5.4099, 5.3489, 0.0610
5.5014, 5.5578, 0.0564
5.6061, 5.5003, 0.1058
5.7221, 5.7116, 0.0105
5.8473, 5.9064, 0.0591
5.9788, 5.9728, 0.0060
6.1134, 6.1740, 0.0606
6.2482, 6.2163, 0.0319
6.3800, 6.3513, 0.0287
6.5059, 6.5123, 0.0064
6.6235, 6.6191, 0.0044
6.7309, 6.7420, 0.0111
6.8267, 6.8099, 0.0168
6.9102, 6.9236, 0.0134
6.9812, 6.9493, 0.0319
7.0401, 7.0204, 0.0197
7.0879, 7.0781, 0.0098
7.1257, 7.0881, 0.0376
7.1553, 7.1420, 0.0133
7.1783, 7.2017, 0.0234
7.1966, 7.1805, 0.0161
7.2119, 7.2389, 0.0270
7.2256, 7.2097, 0.0159
7.2390, 7.2334, 0.0056
7.2530, 7.2430, 0.0100
7.2681, 7.2484, 0.0197
7.2844, 7.2739, 0.0105
7.3019, 7.2476, 0.0543
7.3199, 7.3152, 0.0047
7.3377, 7.3399, 0.0022
7.3546, 7.3400, 0.0146
7.3695, 7.3700, 0.0005
7.3815, 7.3485, 0.0330
7.3898, 7.3922, 0.0024
7.3939, 7.3993, 0.0054
7.3933, 7.3974, 0.0041
7.3880, 7.3969, 0.0089
7.3783, 7.3889, 0.0106
7.3646, 7.3782, 0.0136
7.3480, 7.3689, 0.0209
7.3296, 7.3466, 0.0170
7.3106, 7.3383, 0.0277
7.2926, 7.3124, 0.0198
7.2769, 7.2819, 0.0050
7.2649, 7.2361, 0.0288
7.2578, 7.2367, 0.0211
7.2563, 7.2555, 0.0008
7.2611, 7.2444, 0.0167
7.2723, 7.2694, 0.0029
7.2898, 7.2586, 0.0312
7.3128, 7.2829, 0.0299
7.3404, 7.2986, 0.0418
7.3715, 7.3476, 0.0239
7.4044, 7.4025, 0.0019
7.4377, 7.4110, 0.0267
7.4697, 7.4649, 0.0048
7.4989, 7.4877, 0.0112
7.5239, 7.5179, 0.0060
7.5436, 7.5409, 0.0027
7.5575, 7.5637, 0.0062
7.5652, 7.5642, 0.0010
7.5670, 7.5623, 0.0047
7.5634, 7.5735, 0.0101
7.5557, 7.5338, 0.0219
7.5451, 7.5436, 0.0015
7.5334, 7.4757, 0.0577
7.5227, 7.5084, 0.0143
7.5150, 7.5013, 0.0137
7.5124, 7.4697, 0.0427
7.5169, 7.4897, 0.0272
7.5301, 7.4726, 0.0575
7.5536, 7.5270, 0.0266
7.5884, 7.5583, 0.0301
7.6351, 7.5859, 0.0492
7.6939, 7.6917, 0.0022
7.7646, 7.7367, 0.0279
7.8463, 7.8410, 0.0053
7.9381, 7.9004, 0.0377
8.0385, 8.0313, 0.0072
8.1456, 8.1355, 0.0101
8.2576, 8.2179, 0.0397
8.3724, 8.3833, 0.0109
8.4878, 8.4558, 0.0320
8.6016, 8.6187, 0.0171
8.7115, 8.6931, 0.0184
8.8154, 8.7960, 0.0194
8.9112, 8.8833, 0.0279
8.9971, 8.9810, 0.0161
9.0711, 9.0534, 0.0177
9.1315, 9.1137, 0.0178
9.1765, 9.1640, 0.0125
9.2047, 9.2168, 0.0121
9.2143, 9.2511, 0.0368
9.2037, 9.2393, 0.0356
9.1713, 9.2250, 0.0537
9.1158, 9.2234, 0.1076
9.0356, 9.1157, 0.0801
8.9294, 8.9275, 0.0019
8.7963, 8.9986, 0.2023
8.6355, 8.7526, 0.1171
8.4467, 8.5914, 0.1447
8.2300, 8.4172, 0.1872
7.9863, 8.1908, 0.2045
7.7173, 7.8123, 0.0950
7.4252, 7.4583, 0.0331
7.1134, 7.1787, 0.0653
6.7858, 6.8355, 0.0497
6.4475, 6.5362, 0.0887
6.1042, 6.1722, 0.0680
5.7621, 5.7329, 0.0292
5.4282, 5.4914, 0.0632
5.1094, 5.0674, 0.0420
4.8127, 4.9863, 0.1736
4.5449, 4.4931, 0.0518
4.3122, 4.3521, 0.0399
4.1199, 4.1191, 0.0008
3.9722, 4.0129, 0.0407
3.8723, 4.0183, 0.1460
3.8216, 3.7907, 0.0309
3.8201, 3.8516, 0.0315
3.8665, 3.8127, 0.0538
3.9578, 3.8164, 0.1414
4.0898, 4.0168, 0.0730
4.2570, 4.0291, 0.2279
4.4533, 4.2819, 0.1714
4.6718, 4.6432, 0.0286
4.9055, 4.5014, 0.4041
5.1471, 5.0350, 0.1121
5.3900, 4.9109, 0.4791
5.6281, 5.3717, 0.2564
5.8558, 5.9275, 0.0717
6.0690, 6.2968, 0.2278
6.2642, 5.9370, 0.3272
6.4393, 6.5111, 0.0718
6.5933, 6.4474, 0.1459
6.7262, 6.6992, 0.0270
6.8390, 6.7869, 0.0521
6.9333, 6.8900, 0.0433
7.0114, 6.9990, 0.0124
7.0761, 7.1001, 0.0240
7.1302, 7.1158, 0.0144
7.1766, 7.2388, 0.0622
7.2179, 7.1947, 0.0232
7.2566, 7.3606, 0.1040
7.2947, 7.2703, 0.0244
7.3337, 7.3197, 0.0140
7.3745, 7.3253, 0.0492
7.4177, 7.3663, 0.0514
7.4632, 7.4468, 0.0164
7.5107, 7.5065, 0.0042
7.5594, 7.5431, 0.0163
7.6084, 7.6050, 0.0034
7.6567, 7.6507, 0.0060
7.7032, 7.7011, 0.0021
7.7469, 7.6847, 0.0622
7.7872, 7.7868, 0.0004
7.8233, 7.9052, 0.0819
7.8550, 7.8560, 0.0010
7.8822, 7.9443, 0.0621
7.9052, 7.9069, 0.0017
7.9248, 7.9278, 0.0030
7.9416, 7.9428, 0.0012
7.9566, 7.9583, 0.0017
7.9710, 7.9707, 0.0003
7.9860, 7.9843, 0.0017
8.0026, 8.0004, 0.0022
8.0218, 8.0083, 0.0135
8.0443, 8.0250, 0.0193
8.0708, 8.0848, 0.0140
8.1016, 8.0969, 0.0047
8.1367, 8.1274, 0.0093
8.1757, 8.1715, 0.0042
8.2183, 8.2204, 0.0021
8.2636, 8.2607, 0.0029
8.3106, 8.3111, 0.0005
8.3583, 8.3574, 0.0009
8.4054, 8.4050, 0.0004
8.4507, 8.4475, 0.0032
8.4930, 8.4927, 0.0003
8.5311, 8.5271, 0.0040
8.5641, 8.5651, 0.0010
8.5911, 8.5946, 0.0035
8.6114, 8.6151, 0.0037
8.6247, 8.6262, 0.0015
8.6307, 8.6385, 0.0078
8.6295, 8.6308, 0.0013
8.6211, 8.6363, 0.0152
8.6061, 8.6136, 0.0075
8.5848, 8.6203, 0.0355
8.5577, 8.5924, 0.0347
8.5257, 8.5199, 0.0058
8.4892, 8.4695, 0.0197
8.4488, 8.4526, 0.0038
8.4053, 8.3342, 0.0711
8.3591, 8.3814, 0.0223
8.3108, 8.3737, 0.0629
8.2609, 8.2032, 0.0577
8.2097, 8.2065, 0.0032
8.1578, 8.1365, 0.0213
8.1055, 8.1236, 0.0181
8.0533, 8.0683, 0.0150
8.0016, 7.9883, 0.0133
7.9508, 7.9383, 0.0125
7.9015, 7.8934, 0.0081
7.8544, 7.8596, 0.0052
7.8100, 7.8157, 0.0057
7.7690, 7.7777, 0.0087
7.7319, 7.7440, 0.0121
7.6995, 7.7226, 0.0231
7.6722, 7.6869, 0.0147
7.6505, 7.6307, 0.0198
7.6344, 7.6430, 0.0086
7.6241, 7.5982, 0.0259
7.6193, 7.6234, 0.0041
7.6194, 7.5742, 0.0452
7.6238, 7.6297, 0.0059
7.6315, 7.6202, 0.0113
7.6413, 7.6596, 0.0183
7.6520, 7.6145, 0.0375
7.6621, 7.7010, 0.0389
7.6704, 7.6598, 0.0106
7.6755, 7.6875, 0.0120
7.6763, 7.6844, 0.0081
7.6720, 7.6853, 0.0133
7.6622, 7.6789, 0.0167
7.6465, 7.6688, 0.0223
7.6254, 7.6629, 0.0375
7.5994, 7.6246, 0.0252
7.5696, 7.5475, 0.0221
7.5373, 7.5378, 0.0005
7.5042, 7.4920, 0.0122
7.4721, 7.4754, 0.0033
7.4428, 7.4366, 0.0062
7.4182, 7.4154, 0.0028
7.4000, 7.3951, 0.0049
7.3897, 7.3785, 0.0112
7.3884, 7.3823, 0.0061
7.3969, 7.3932, 0.0037
7.4155, 7.4010, 0.0145
7.4440, 7.4246, 0.0194
7.4819, 7.4508, 0.0311
7.5282, 7.5106, 0.0176
7.5816, 7.5623, 0.0193
7.6405, 7.5502, 0.0903
7.7032, 7.6912, 0.0120
7.7678, 7.7595, 0.0083
7.8326, 7.8349, 0.0023
7.8959, 7.8842, 0.0117
7.9562, 7.9588, 0.0026
8.0123, 7.9959, 0.0164
8.0632, 8.0655, 0.0023
8.1080, 8.1186, 0.0106
8.1465, 8.1486, 0.0021
8.1784, 8.1705, 0.0079
8.2038, 8.2080, 0.0042
8.2229, 8.2253, 0.0024
8.2360, 8.2435, 0.0075
8.2434, 8.2479, 0.0045
8.2452, 8.2570, 0.0118
8.2415, 8.2294, 0.0121
8.2321, 8.2317, 0.0004
8.2165, 8.2443, 0.0278
8.1939, 8.2148, 0.0209
8.1633, 8.1457, 0.0176
8.1233, 8.2003, 0.0770
8.0722, 8.0628, 0.0094
8.0084, 8.0350, 0.0266
7.9300, 7.9514, 0.0214
7.8354, 7.9173, 0.0819
7.7234, 7.8089, 0.0855
7.5929, 7.6641, 0.0712
7.4438, 7.4692, 0.0254
7.2763, 7.3189, 0.0426
7.0916, 7.0867, 0.0049
6.8917, 6.9484, 0.0567
6.6794, 6.7301, 0.0507
6.4582, 6.4924, 0.0342
6.2324, 6.2057, 0.0267
6.0068, 6.0406, 0.0338
5.7864, 5.7935, 0.0071
5.5765, 5.6086, 0.0321
5.3821, 5.4062, 0.0241
5.2074, 5.1742, 0.0332
5.0561, 5.0819, 0.0258
4.9305, 4.8924, 0.0381
4.8321, 4.8348, 0.0027
4.7606, 4.8619, 0.1013
4.7144, 4.7081, 0.0063
4.6905, 4.7013, 0.0108
4.6846, 4.6857, 0.0011
4.6912, 4.7297, 0.0385
4.7042, 4.7295, 0.0253
4.7172, 4.6878, 0.0294
4.7236, 4.8169, 0.0933
4.7174, 4.6661, 0.0513
4.6933, 5.0057, 0.3124
4.6473, 4.6305, 0.0168
4.5768, 4.6607, 0.0839
4.4810, 4.4830, 0.0020
4.3605, 4.4511, 0.0906
4.2179, 4.2346, 0.0167
4.0576, 4.0963, 0.0387
3.8851, 4.0261, 0.1410
3.7070, 3.7499, 0.0429
3.5305, 3.5820, 0.0515
3.3632, 3.4483, 0.0851
3.2121, 3.1754, 0.0367
3.0835, 3.0766, 0.0069
2.9825, 2.9496, 0.0329
2.9126, 2.9083, 0.0043
2.8757, 2.8395, 0.0362
2.8714, 2.8597, 0.0117
2.8976, 3.0146, 0.1170
2.9505, 2.9092, 0.0413
3.0244, 3.4004, 0.3760
3.1126, 3.0081, 0.1045
3.2077, 3.1039, 0.1038
3.3019, 3.1233, 0.1786
3.3877, 3.2946, 0.0931
3.4584, 3.3240, 0.1344
3.5083, 3.6798, 0.1715
3.5334, 3.3560, 0.1774
3.5315, 3.6286, 0.0971
3.5020, 3.4600, 0.0420
3.4467, 3.4864, 0.0397
3.3690, 3.3113, 0.0577
3.2740, 3.3109, 0.0369
3.1680, 3.1827, 0.0147
3.0581, 3.0759, 0.0178
2.9518, 3.0145, 0.0627
2.8565, 2.8349, 0.0216
2.7790, 2.7757, 0.0033
2.7249, 2.6964, 0.0285
2.6984, 2.6956, 0.0028
2.7018, 2.6576, 0.0442
2.7355, 2.7331, 0.0024
2.7982, 2.7775, 0.0207
2.8864, 2.8852, 0.0012
2.9951, 2.9549, 0.0402
3.1183, 3.0055, 0.1128
3.2488, 3.1954, 0.0534
3.3793, 3.4207, 0.0414
3.5026, 3.4503, 0.0523
3.6120, 3.6384, 0.0264
3.7019, 3.7326, 0.0307
3.7682, 3.7714, 0.0032
3.8084, 3.8095, 0.0011
3.8220, 3.8749, 0.0529
3.8099, 3.8163, 0.0064
3.7750, 3.8600, 0.0850
3.7218, 3.7523, 0.0305
3.6559, 3.7117, 0.0558
3.5838, 3.6567, 0.0729
3.5120, 3.4414, 0.0706
3.4470, 3.1868, 0.2602
3.3949, 3.4068, 0.0119
3.3605, 3.3091, 0.0514
3.3471, 3.3312, 0.0159
3.3564, 3.2867, 0.0697
3.3884, 3.3724, 0.0160
3.4412, 3.2281, 0.2131
3.5113, 3.5339, 0.0226
3.5936, 3.6209, 0.0273
3.6821, 3.7931, 0.1110
3.7702, 3.6262, 0.1440
3.8510, 3.9663, 0.1153
3.9180, 3.9322, 0.0142
3.9654, 4.0016, 0.0362
3.9889, 4.0176, 0.0287
3.9854, 4.0392, 0.0538
3.9537, 4.0039, 0.0502
3.8948, 3.9994, 0.1046
3.8113, 3.9909, 0.1796
3.7074, 3.9444, 0.2370
3.5892, 3.6027, 0.0135
3.4639, 3.5495, 0.0856
3.3393, 3.1193, 0.2200
3.2237, 3.3624, 0.1387
3.1249, 3.1362, 0.0113
3.0504, 3.1067, 0.0563
3.0061, 3.0187, 0.0126
2.9969, 2.9588, 0.0381
3.0255, 2.9922, 0.0333
3.0928, 2.9928, 0.1000
3.1981, 3.0420, 0.1561
3.3383, 3.3016, 0.0367
3.5092, 3.3618, 0.1474
3.7048, 3.5873, 0.1175
3.9186, 3.6550, 0.2636
4.1432, 3.9523, 0.1909
4.3711, 4.3640, 0.0071
4.5954, 4.6058, 0.0104
4.8095, 4.8050, 0.0045
5.0083, 5.0248, 0.0165
5.1875, 5.1897, 0.0022
5.3445, 5.3663, 0.0218
5.4779, 5.4825, 0.0046
5.5877, 5.6158, 0.0281
5.6754, 5.6698, 0.0056
5.7434, 5.7576, 0.0142
5.7952, 5.8123, 0.0171
5.8343, 5.8730, 0.0387
5.8648, 5.8814, 0.0166
5.8907, 5.9589, 0.0682
5.9155, 5.9428, 0.0273
5.9418, 5.8694, 0.0724
5.9717, 6.0296, 0.0579
6.0061, 5.9932, 0.0129
6.0450, 5.9988, 0.0462
6.0875, 6.0712, 0.0163
6.1317, 6.1188, 0.0129
6.1749, 6.1616, 0.0133
6.2144, 6.2055, 0.0089
6.2469, 6.2390, 0.0079
6.2691, 6.2694, 0.0003
6.2784, 6.2778, 0.0006
6.2722, 6.2634, 0.0088
6.2491, 6.2653, 0.0162
6.2081, 6.2671, 0.0590
6.1493, 6.2123, 0.0630
6.0737, 6.1087, 0.0350
5.9830, 6.1329, 0.1499
5.8799, 6.0175, 0.1376
5.7675, 5.7489, 0.0186
5.6494, 5.7948, 0.1454
5.5291, 5.5481, 0.0190
5.4100, 5.4937, 0.0837
5.2955, 5.3599, 0.0644
5.1879, 5.1661, 0.0218
5.0890, 5.0738, 0.0152
4.9994, 5.0456, 0.0462
4.9188, 4.8721, 0.0467
4.8460, 4.8089, 0.0371
4.7788, 4.7709, 0.0079
4.7144, 4.7803, 0.0659
4.6494, 4.6481, 0.0013
4.5801, 4.6826, 0.1025
4.5031, 4.5356, 0.0325
4.4151, 4.3822, 0.0329
4.3137, 4.3532, 0.0395
4.1973, 4.2929, 0.0956
4.0656, 4.0745, 0.0089
3.9195, 3.9981, 0.0786
3.7615, 3.7664, 0.0049
3.5952, 3.5903, 0.0049
3.4254, 3.4227, 0.0027
3.2583, 3.2594, 0.0011
3.1005, 3.0882, 0.0123
2.9593, 2.9613, 0.0020
2.8419, 2.8313, 0.0106
2.7552, 2.7140, 0.0412
2.7053, 2.6694, 0.0359
2.6974, 2.5820, 0.1154
2.7351, 2.6772, 0.0579
2.8204, 2.7691, 0.0513
2.9536, 2.6942, 0.2594
3.1333, 2.9893, 0.1440
3.3562, 2.9670, 0.3892
3.6174, 3.3335, 0.2839
3.9109, 4.0758, 0.1649
4.2295, 4.2071, 0.0224
4.5653, 4.7989, 0.2336
4.9100, 4.7711, 0.1389
5.2558, 5.2058, 0.0500
5.5948, 5.4863, 0.1085
5.9201, 5.8530, 0.0671
6.2257, 6.1831, 0.0426
6.5070, 6.4261, 0.0809
6.7604, 6.7108, 0.0496
6.9838, 6.8892, 0.0946
7.1762, 7.1218, 0.0544
7.3381, 7.2944, 0.0437
7.4709, 7.3785, 0.0924
7.5768, 7.5196, 0.0572
7.6584, 7.6046, 0.0538
7.7193, 7.7373, 0.0180
7.7627, 7.5922, 0.1705
7.7919, 7.8113, 0.0194
7.8100, 7.8268, 0.0168
7.8196, 7.8300, 0.0104
7.8228, 7.8551, 0.0323
7.8211, 7.8111, 0.0100
7.8153, 7.8639, 0.0486
7.8058, 7.7307, 0.0751
7.7925, 7.5364, 0.2561
7.7749, 7.5598, 0.2151
7.7522, 7.9033, 0.1511
7.7236, 7.7596, 0.0360
7.6882, 7.6300, 0.0582
7.6456, 7.7061, 0.0605
7.5952, 7.3962, 0.1990
7.5372, 7.5529, 0.0157
7.4720, 7.6374, 0.1654
7.4004, 7.3468, 0.0536
7.3239, 7.2854, 0.0385
7.2441, 7.2894, 0.0453
7.1631, 7.1678, 0.0047
7.0831, 7.0672, 0.0159
7.0063, 6.9887, 0.0176
6.9351, 6.9273, 0.0078
6.8714, 6.8505, 0.0209
6.8170, 6.8026, 0.0144
6.7730, 6.7556, 0.0174
6.7401, 6.7207, 0.0194
6.7184, 6.7089, 0.0095
6.7076, 6.6951, 0.0125
6.7065, 6.6784, 0.0281
6.7139, 6.6988, 0.0151
6.7280, 6.6700, 0.0580
6.7468, 6.7212, 0.0256
6.7683, 6.7172, 0.0511
6.7903, 6.8164, 0.0261
6.8112, 6.7175, 0.0937
6.8293, 6.7957, 0.0336
6.8438, 6.8516, 0.0078
6.8538, 6.9412, 0.0874
6.8594, 6.8947, 0.0353
6.8610, 6.8693, 0.0083
6.8594, 6.8850, 0.0256
6.8559, 6.8224, 0.0335
6.8523, 6.7906, 0.0617
6.8501, 6.8206, 0.0295
6.8513, 6.8343, 0.0170
6.8576, 6.7986, 0.0590
6.8706, 6.7975, 0.0731
6.8916, 6.8493, 0.0423
6.9214, 6.9284, 0.0070
6.9604, 6.9278, 0.0326
7.0083, 6.9735, 0.0348
7.0647, 7.0652, 0.0005
7.1285, 7.0938, 0.0347
7.1980, 7.1708, 0.0272
7.2715, 7.2466, 0.0249
7.3469, 7.3540, 0.0071
7.4222, 7.3980, 0.0242
7.4952, 7.5043, 0.0091
7.5637, 7.5837, 0.0200
7.6262, 7.6368, 0.0106
7.6810, 7.6848, 0.0038
7.7271, 7.7425, 0.0154
7.7637, 7.7708, 0.0071
7.7906, 7.7886, 0.0020
7.8081, 7.7988, 0.0093
7.8167, 7.8179, 0.0012
7.8172, 7.8184, 0.0012
7.8109, 7.8155, 0.0046
7.7991, 7.8255, 0.0264
7.7833, 7.8019, 0.0186
7.7648, 7.7697, 0.0049
7.7451, 7.7833, 0.0382
7.7253, 7.7062, 0.0191
7.7061, 7.7669, 0.0608
7.6883, 7.6125, 0.0758
7.6721, 7.6599, 0.0122
7.6575, 7.6602, 0.0027
7.6441, 7.6375, 0.0066
7.6315, 7.7015, 0.0700
7.6191, 7.5727, 0.0464
7.6061, 7.5376, 0.0685
7.5918, 7.6803, 0.0885
7.5757, 7.6226, 0.0469
7.5573, 7.6079, 0.0506
7.5366, 7.5409, 0.0043
7.5137, 7.5210, 0.0073
7.4892, 7.4954, 0.0062
7.4638, 7.4669, 0.0031
7.4387, 7.4485, 0.0098
7.4153, 7.4118, 0.0035
7.3949, 7.3892, 0.0057
7.3792, 7.3675, 0.0117
7.3698, 7.3512, 0.0186
7.3679, 7.3604, 0.0075
7.3748, 7.3588, 0.0160
7.3911, 7.3745, 0.0166
7.4174, 7.3695, 0.0479
7.4534, 7.4149, 0.0385
7.4986, 7.4624, 0.0362
7.5520, 7.5095, 0.0425
7.6121, 7.5758, 0.0363
7.6771, 7.6725, 0.0046
7.7451, 7.7431, 0.0020
7.8138, 7.8118, 0.0020
7.8810, 7.8933, 0.0123
7.9447, 7.9560, 0.0113
8.0029, 8.0224, 0.0195
8.0542, 8.0565, 0.0023
8.0972, 8.1243, 0.0271
8.1313, 8.1367, 0.0054
8.1560, 8.1555, 0.0005
8.1715, 8.1814, 0.0099
8.1782, 8.1867, 0.0085
8.1770, 8.1909, 0.0139
8.1690, 8.1885, 0.0195
8.1554, 8.1767, 0.0213
8.1374, 8.1928, 0.0554
8.1162, 8.1340, 0.0178
8.0928, 8.0427, 0.0501
8.0678, 8.0984, 0.0306
8.0417, 7.9340, 0.1077
8.0143, 7.9269, 0.0874
7.9852, 8.0373, 0.0521
7.9534, 7.9668, 0.0134
7.9177, 8.0326, 0.1149
7.8766, 7.8688, 0.0078
7.8284, 7.9019, 0.0735
7.7714, 7.8209, 0.0495
7.7042, 7.7144, 0.0102
7.6253, 7.6408, 0.0155
7.5340, 7.5631, 0.0291
7.4298, 7.4692, 0.0394
7.3132, 7.3585, 0.0453
7.1852, 7.2308, 0.0456
7.0474, 7.0983, 0.0509
6.9023, 6.8904, 0.0119
6.7531, 6.7598, 0.0067
6.6035, 6.5865, 0.0170
6.4576, 6.4277, 0.0299
6.3198, 6.2990, 0.0208
6.1943, 6.1232, 0.0711
6.0853, 6.0614, 0.0239
5.9968, 5.9809, 0.0159
5.9318, 5.9142, 0.0176
5.8928, 5.8699, 0.0229
5.8814, 5.8475, 0.0339
5.8982, 5.8793, 0.0189
5.9429, 5.8669, 0.0760
6.0140, 5.9220, 0.0920
6.1094, 6.1370, 0.0276
6.2261, 5.9967, 0.2294
6.3604, 6.3263, 0.0341
6.5083, 6.4161, 0.0922
6.6655, 6.4906, 0.1749
6.8277, 6.7188, 0.1089
6.9907, 6.9516, 0.0391
7.1506, 7.0684, 0.0822
7.3043, 7.2783, 0.0260
7.4487, 7.3548, 0.0939
7.5816, 7.5565, 0.0251
7.7017, 7.6608, 0.0409
7.8079, 7.7712, 0.0367
7.9001, 7.8717, 0.0284
7.9785, 7.9342, 0.0443
8.0438, 8.0142, 0.0296
8.0971, 8.0972, 0.0001
8.1397, 8.0982, 0.0415
8.1730, 8.1652, 0.0078
8.1985, 8.2482, 0.0497
8.2177, 8.2207, 0.0030
8.2321, 8.2261, 0.0060
8.2429, 8.2580, 0.0151
8.2512, 8.2445, 0.0067
8.2582, 8.2456, 0.0126
8.2648, 8.2780, 0.0132
8.2717, 8.2202, 0.0515
8.2796, 8.2935, 0.0139
8.2892, 8.2660, 0.0232
8.3010, 8.3293, 0.0283
8.3157, 8.3118, 0.0039
8.3338, 8.2869, 0.0469
8.3558, 8.3500, 0.0058
8.3822, 8.3781, 0.0041
8.4134, 8.4020, 0.0114
8.4500, 8.4310, 0.0190
8.4923, 8.4662, 0.0261
8.5405, 8.5393, 0.0012
8.5948, 8.5876, 0.0072
8.6552, 8.6391, 0.0161
8.7216, 8.6992, 0.0224
8.7938, 8.7613, 0.0325
8.8714, 8.8495, 0.0219
8.9537, 8.9218, 0.0319
9.0400, 9.0427, 0.0027
9.1295, 9.0931, 0.0364
9.2211, 9.2271, 0.0060
9.3137, 9.3275, 0.0138
9.4063, 9.4143, 0.0080
9.4976, 9.4647, 0.0329
9.5865, 9.5956, 0.0091
9.6718, 9.6349, 0.0369
9.7525, 9.7622, 0.0097
9.8275, 9.7929, 0.0346
9.8959, 9.9058, 0.0099
9.9570, 9.9262, 0.0308
10.0100, 10.0198, 0.0098
10.0543, 10.0234, 0.0309
10.0895, 10.0991, 0.0096
10.1153, 10.1031, 0.0122
10.1313, 10.1303, 0.0010
10.1374, 10.1588, 0.0214
10.1337, 10.1642, 0.0305
10.1202, 10.1732, 0.0530
10.0970, 10.1433, 0.0463
10.0645, 10.1384, 0.0739
10.0232, 10.1406, 0.1174
9.9734, 9.9448, 0.0286
9.9157, 9.9574, 0.0417
9.8511, 9.7749, 0.0762
9.7802, 9.8690, 0.0888
9.7042, 9.7318, 0.0276
9.6242, 9.5792, 0.0450
9.5413, 9.4505, 0.0908
9.4570, 9.4043, 0.0527
9.3725, 9.3280, 0.0445
9.2895, 9.2812, 0.0083
9.2092, 9.2295, 0.0203
9.1332, 9.1048, 0.0284
9.0629, 9.0521, 0.0108
8.9994, 8.9722, 0.0272
8.9439, 8.9259, 0.0180
8.8974, 8.8436, 0.0538
8.8605, 8.8617, 0.0012
8.8338, 8.7982, 0.0356
8.8177, 8.8214, 0.0037
8.8120, 8.8159, 0.0039
8.8167, 8.8236, 0.0069
8.8312, 8.8297, 0.0015
8.8550, 8.8798, 0.0248
8.8873, 8.8646, 0.0227
8.9270, 8.9713, 0.0443
8.9733, 8.9402, 0.0331
9.0248, 9.0310, 0.0062
9.0805, 9.0103, 0.0702
9.1391, 9.1147, 0.0244
9.1996, 9.1684, 0.0312
9.2608, 9.1726, 0.0882
9.3216, 9.2541, 0.0675
9.3813, 9.2987, 0.0826
9.4388, 9.4388, 0.0000
9.4934, 9.4478, 0.0456
9.5444, 9.5335, 0.0109
9.5913, 9.5851, 0.0062
9.6333, 9.6177, 0.0156
9.6701, 9.6597, 0.0104
9.7011, 9.6772, 0.0239
9.7259, 9.7231, 0.0028
9.7439, 9.7275, 0.0164
9.7550, 9.7576, 0.0026
9.7586, 9.7655, 0.0069
9.7547, 9.7671, 0.0124
9.7429, 9.7644, 0.0215
9.7233, 9.7650, 0.0417
9.6959, 9.7121, 0.0162
9.6610, 9.7137, 0.0527
9.6189, 9.6509, 0.0320
9.5704, 9.6224, 0.0520
9.5163, 9.5672, 0.0509
9.4574, 9.5143, 0.0569
9.3951, 9.4227, 0.0276
9.3307, 9.3654, 0.0347
9.2656, 9.2772, 0.0116
9.2012, 9.1813, 0.0199
9.1391, 9.1277, 0.0114
9.0808, 9.0477, 0.0331
9.0275, 9.0111, 0.0164
8.9805, 8.9684, 0.0121
8.9407, 8.9260, 0.0147
8.9087, 8.8717, 0.0370
8.8850, 8.8621, 0.0229
8.8696, 8.8856, 0.0160
8.8623, 8.8262, 0.0361
8.8626, 8.8388, 0.0238
8.8697, 8.8799, 0.0102
8.8824, 8.8640, 0.0184
8.8997, 8.9094, 0.0097
8.9201, 8.8993, 0.0208
8.9423, 8.9755, 0.0332
8.9649, 8.9898, 0.0249
8.9865, 9.0163, 0.0298
9.0059, 9.0621, 0.0562
9.0221, 9.0228, 0.0007
9.0342, 9.0454, 0.0112
9.0416, 9.0567, 0.0151
9.0439, 9.0571, 0.0132
9.0411, 9.0432, 0.0021
9.0333, 8.9941, 0.0392
9.0211, 9.0639, 0.0428
9.0051, 9.0076, 0.0025
8.9862, 8.9770, 0.0092
8.9655, 8.9346, 0.0309
8.9440, 8.9811, 0.0371
8.9229, 8.9415, 0.0186
8.9032, 8.8931, 0.0101
8.8862, 8.9164, 0.0302
8.8725, 8.8992, 0.0267
8.8632, 8.8663, 0.0031
8.8584, 8.8547, 0.0037
8.8586, 8.8608, 0.0022
8.8636, 8.8760, 0.0124
8.8729, 8.8668, 0.0061
8.8858, 8.9154, 0.0296
8.9011, 8.9133, 0.0122
8.9174, 8.9688, 0.0514
8.9331, 8.9705, 0.0374
8.9463, 8.9829, 0.0366
8.9550, 9.0168, 0.0618
8.9573, 8.9706, 0.0133
8.9514, 9.0127, 0.0613
8.9356, 8.9661, 0.0305
8.9086, 8.9536, 0.0450
8.8696, 8.8919, 0.0223
8.8184, 8.8816, 0.0632
8.7551, 8.7934, 0.0383
8.6809, 8.6918, 0.0109
8.5974, 8.5895, 0.0079
8.5070, 8.5176, 0.0106
8.4125, 8.4431, 0.0306
8.3175, 8.3335, 0.0160
8.2258, 8.2015, 0.0243
8.1413, 8.1490, 0.0077
8.0684, 8.0903, 0.0219
8.0110, 8.0046, 0.0064
7.9726, 7.9502, 0.0224
7.9566, 7.9412, 0.0154
7.9654, 7.9266, 0.0388
8.0009, 7.9707, 0.0302
8.0640, 7.9770, 0.0870
8.1546, 8.0393, 0.1153
8.2720, 8.0305, 0.2415
8.4142, 8.1383, 0.2759
8.5788, 8.3989, 0.1799
8.7628, 8.7600, 0.0028
8.9622, 8.7647, 0.1975
9.1733, 9.1770, 0.0037
9.3917, 9.3884, 0.0033
9.6134, 9.6477, 0.0343
9.8341, 9.7628, 0.0713
10.0501, 10.0235, 0.0266
10.2578, 10.1711, 0.0867
10.4542, 10.4021, 0.0521
10.6364, 10.6195, 0.0169
10.8024, 10.7232, 0.0792
10.9502, 10.9037, 0.0465
11.0783, 11.0319, 0.0464
11.1857, 11.1676, 0.0181
11.2712, 11.2506, 0.0206
11.3343, 11.2901, 0.0442
11.3741, 11.3840, 0.0099
11.3901, 11.4120, 0.0219
11.3816, 11.3761, 0.0055
11.3479, 11.4111, 0.0632
11.2886, 11.2634, 0.0252
11.2030, 11.2235, 0.0205
11.0906, 11.0409, 0.0497
10.9511, 11.0047, 0.0536
10.7847, 10.7162, 0.0685
10.5919, 10.7046, 0.1127
10.3736, 10.3116, 0.0620
10.1315, 10.3420, 0.2105
9.8678, 9.8603, 0.0075
9.5855, 9.6719, 0.0864
9.2884, 9.2771, 0.0113
8.9806, 9.0112, 0.0306
8.6673, 8.6252, 0.0421
8.3536, 8.3871, 0.0335
8.0452, 7.9661, 0.0791
7.7477, 7.8301, 0.0824
7.4664, 7.4862, 0.0198
7.2064, 7.1827, 0.0237
6.9717, 7.0236, 0.0519
6.7657, 6.7517, 0.0140
6.5906, 6.6732, 0.0826
6.4472, 6.4893, 0.0421
6.3349, 6.3716, 0.0367
6.2519, 6.3001, 0.0482
6.1952, 6.2448, 0.0496
6.1603, 6.2135, 0.0532
6.1423, 6.2284, 0.0861
6.1352, 6.3081, 0.1729
6.1334, 6.2026, 0.0692
6.1309, 6.3288, 0.1979
6.1226, 6.3165, 0.1939
6.1038, 6.5919, 0.4881
6.0712, 6.1453, 0.0741
6.0228, 6.0199, 0.0029
5.9579, 5.8899, 0.0680
5.8773, 5.8310, 0.0463
5.7834, 5.6864, 0.0970
5.6796, 5.6060, 0.0736
5.5706, 5.5344, 0.0362
5.4617, 5.3744, 0.0873
5.3586, 5.2804, 0.0782
5.2670, 5.1796, 0.0874
5.1921, 5.1023, 0.0898
5.1383, 4.9995, 0.1388
5.1091, 4.9557, 0.1534
5.1064, 5.0826, 0.0238
5.1306, 5.0479, 0.0827
5.1808, 5.0710, 0.1098
5.2543, 5.1298, 0.1245
5.3471, 5.3219, 0.0252
5.4540, 5.2978, 0.1562
5.5691, 5.5801, 0.0110
5.6862, 5.3931, 0.2931
5.7987, 5.9338, 0.1351
5.9007, 5.9386, 0.0379
5.9869, 6.3397, 0.3528
6.0532, 6.1437, 0.0905
6.0965, 6.1412, 0.0447
6.1156, 6.1316, 0.0160
6.1104, 6.1300, 0.0196
6.0828, 6.0987, 0.0159
6.0353, 6.0908, 0.0555
5.9722, 5.9074, 0.0648
5.8983, 5.9016, 0.0033
5.8189, 5.9261, 0.1072
5.7391, 5.7788, 0.0397
5.6642, 5.6323, 0.0319
5.5982, 5.7011, 0.1029
5.5446, 5.6139, 0.0693
5.5054, 5.5589, 0.0535
5.4813, 5.6631, 0.1818
5.4714, 5.4832, 0.0118
5.4737, 5.5048, 0.0311
5.4848, 5.4812, 0.0036
5.5003, 5.6251, 0.1248
5.5155, 5.4731, 0.0424
5.5253, 5.7083, 0.1830
5.5248, 5.4972, 0.0276
5.5097, 5.7308, 0.2211
5.4766, 5.4646, 0.0120
5.4233, 5.4202, 0.0031
5.3493, 5.5513, 0.2020
5.2554, 5.2674, 0.0120
5.1441, 5.1634, 0.0193
5.0192, 5.0675, 0.0483
4.8860, 4.8975, 0.0115
4.7505, 4.7604, 0.0099
4.6195, 4.6104, 0.0091
4.4998, 4.5253, 0.0255
4.3980, 4.3638, 0.0342
4.3199, 4.3069, 0.0130
4.2702, 4.2286, 0.0416
4.2518, 4.2196, 0.0322
4.2661, 4.2270, 0.0391
4.3125, 4.2410, 0.0715
4.3883, 4.2698, 0.1185
4.4890, 4.4162, 0.0728
4.6085, 4.6718, 0.0633
4.7393, 4.8342, 0.0949
4.8731, 4.9695, 0.0964
5.0013, 4.9150, 0.0863
5.1154, 5.2514, 0.1360
5.2076, 4.8900, 0.3176
5.2713, 5.2161, 0.0552
5.3017, 5.4467, 0.1450
5.2956, 5.3643, 0.0687
5.2524, 5.4601, 0.2077
5.1735, 5.2728, 0.0993
5.0625, 5.2288, 0.1663
4.9247, 5.0851, 0.1604
4.7675, 4.8485, 0.0810
4.5991, 4.6597, 0.0606
4.4290, 4.5737, 0.1447
4.2661, 4.3638, 0.0977
4.1194, 4.0952, 0.0242
3.9967, 4.0321, 0.0354
3.9044, 3.8688, 0.0356
3.8469, 3.7429, 0.1040
3.8265, 3.7683, 0.0582
3.8434, 3.8227, 0.0207
3.8953, 3.9544, 0.0591
3.9780, 3.8967, 0.0813
4.0852, 4.2633, 0.1781
4.2097, 4.3056, 0.0959
4.3429, 3.9143, 0.4286
4.4762, 4.8165, 0.3403
4.6012, 4.9375, 0.3363
4.7104, 4.5948, 0.1156
4.7975, 4.9702, 0.1727
4.8578, 4.6830, 0.1748
4.8885, 4.8408, 0.0477
4.8893, 4.9023, 0.0130
4.8616, 4.9265, 0.0649
4.8087, 4.8824, 0.0737
4.7361, 4.6745, 0.0616
4.6501, 4.7138, 0.0637
4.5582, 4.3485, 0.2097
4.4681, 4.4513, 0.0168
4.3875, 4.3569, 0.0306
4.3233, 4.2514, 0.0719
4.2814, 4.0066, 0.2748
4.2658, 4.1429, 0.1229
4.2792, 4.3371, 0.0579
4.3220, 4.3352, 0.0132
4.3927, 4.4556, 0.0629
4.4882, 4.5070, 0.0188
4.6034, 4.6647, 0.0613
4.7323, 4.7581, 0.0258
4.8680, 4.8002, 0.0678
5.0031, 4.9389, 0.0642
5.1306, 5.1126, 0.0180
5.2439, 5.2573, 0.0134
5.3376, 5.3702, 0.0326
5.4077, 5.4487, 0.0410
5.4514, 5.5107, 0.0593
5.4681, 5.5006, 0.0325
5.4586, 5.4977, 0.0391
5.4253, 5.4385, 0.0132
5.3721, 5.2973, 0.0748
5.3039, 5.3500, 0.0461
5.2263, 5.2912, 0.0649
5.1452, 5.0104, 0.1348
5.0663, 5.0669, 0.0006
4.9948, 5.1690, 0.1742
4.9349, 4.9743, 0.0394
4.8896, 4.7878, 0.1018
4.8603, 4.8953, 0.0350
4.8471, 4.9350, 0.0879
4.8483, 4.8705, 0.0222
4.8610, 4.9930, 0.1320
4.8811, 4.9014, 0.0203
4.9036, 4.9454, 0.0418
4.9229, 4.9515, 0.0286
4.9338, 5.2255, 0.2917
4.9309, 5.2167, 0.2858
4.9099, 4.8840, 0.0259
4.8675, 4.8007, 0.0668
4.8020, 4.9619, 0.1599
4.7129, 4.7204, 0.0075
4.6017, 4.6204, 0.0187
4.4713, 4.4897, 0.0184
4.3260, 4.3436, 0.0176
4.1715, 4.1964, 0.0249
4.0143, 3.9774, 0.0369
3.8616, 3.8936, 0.0320
3.7205, 3.7610, 0.0405
3.5980, 3.5280, 0.0700
3.5005, 3.5125, 0.0120
3.4330, 3.4797, 0.0467
3.3995, 3.4121, 0.0126
3.4022, 3.3746, 0.0276
3.4418, 3.4727, 0.0309
3.5172, 3.4211, 0.0961
3.6259, 3.6853, 0.0594
3.7640, 3.7031, 0.0609
3.9264, 3.9868, 0.0604
4.1074, 4.1011, 0.0063
4.3008, 4.3024, 0.0016
4.5006, 4.6038, 0.1032
4.7008, 4.5493, 0.1515
4.8963, 5.2269, 0.3306
5.0829, 5.0469, 0.0360
5.2574, 5.1829, 0.0745
5.4177, 5.4242, 0.0065
5.5630, 5.4986, 0.0644
5.6937, 5.6904, 0.0033
5.8111, 5.7935, 0.0176
5.9170, 5.8929, 0.0241
6.0143, 5.9943, 0.0200
6.1059, 6.0637, 0.0422
6.1949, 6.1811, 0.0138
6.2843, 6.2413, 0.0430
6.3764, 6.3789, 0.0025
6.4732, 6.4020, 0.0712
6.5759, 6.5027, 0.0732
6.6849, 6.6495, 0.0354
6.7999, 6.7601, 0.0398
6.9198, 6.9164, 0.0034
7.0429, 7.0367, 0.0062
7.1669, 7.1655, 0.0014
7.2894, 7.2881, 0.0013
7.4078, 7.4097, 0.0019
7.5197, 7.5252, 0.0055
7.6228, 7.6284, 0.0056
7.7151, 7.6713, 0.0438
7.7954, 7.8042, 0.0088
7.8629, 7.8811, 0.0182
7.9173, 7.9278, 0.0105
7.9588, 7.9795, 0.0207
7.9883, 7.9986, 0.0103
8.0069, 7.9968, 0.0101
8.0158, 8.0150, 0.0008
8.0166, 8.0511, 0.0345
8.0106, 7.9942, 0.0164
7.9988, 7.9583, 0.0405
7.9818, 7.9228, 0.0590
7.9598, 7.8501, 0.1097
7.9324, 7.8042, 0.1282
7.8982, 7.7818, 0.1164
7.8554, 7.7999, 0.0555
7.8018, 7.8054, 0.0036
7.7345, 7.7801, 0.0456
7.6502, 7.7304, 0.0802
7.5459, 7.6115, 0.0656
7.4187, 7.5522, 0.1335
7.2661, 7.3133, 0.0472
7.0865, 7.1357, 0.0492
6.8789, 6.8921, 0.0132
6.6436, 6.6884, 0.0448
6.3822, 6.4057, 0.0235
6.0973, 6.1513, 0.0540
5.7928, 5.8261, 0.0333
5.4737, 5.5435, 0.0698
5.1460, 5.1886, 0.0426
4.8161, 4.8242, 0.0081
4.4909, 4.4484, 0.0425
4.1773, 4.1898, 0.0125
3.8815, 3.7554, 0.1261
3.6093, 3.6296, 0.0203
3.3652, 3.3415, 0.0237
3.1523, 3.1279, 0.0244
2.9722, 2.9701, 0.0021
2.8246, 2.8284, 0.0038
2.7076, 2.7094, 0.0018
2.6176, 2.6587, 0.0411
2.5497, 2.5601, 0.0104
2.4976, 2.5953, 0.0977
2.4546, 2.4791, 0.0245
2.4135, 2.5233, 0.1098
2.3675, 2.4115, 0.0440
2.3102, 2.5732, 0.2630
2.2364, 2.3011, 0.0647
2.1423, 2.2276, 0.0853
2.0258, 2.0509, 0.0251
1.8865, 1.9905, 0.1040
1.7261, 1.7518, 0.0257
1.5479, 1.5960, 0.0481
1.3569, 1.3759, 0.0190
1.1592, 0.9234, 0.2358
0.9620, 0.9683, 0.0063
0.7727, 0.6112, 0.1615
0.5987, 0.4343, 0.1644
0.4467, 0.2435, 0.2032
0.3224, 0.3445, 0.0221
0.2301, 0.2241, 0.0060
0.1723, 0.1416, 0.0307
0.1493, 0.1211, 0.0282
0.1597, 0.0696, 0.0901
0.2001, 0.1467, 0.0534
0.2652, 0.2549, 0.0103
0.3484, 0.3029, 0.0455
0.4420, 0.4440, 0.0020
0.5380, 0.4628, 0.0752
0.6284, 0.6667, 0.0383
0.7057, 0.5594, 0.1463
0.7635, 0.8715, 0.1080
0.7968, 0.5907, 0.2061
0.8022, 1.0023, 0.2001
0.7787, 0.8757, 0.0970
0.7271, 0.7413, 0.0142
0.6502, 0.6867, 0.0365
0.5526, 0.4873, 0.0653
0.4405, 0.5592, 0.1187
0.3211, 0.4383, 0.1172
0.2023, 0.3209, 0.1186
0.0922, 0.0578, 0.0344
-0.0015, 0.0074, 0.0089
-0.0718, 0.0797, 0.1515
-0.1130, -0.1013, 0.0117
-0.1209, -0.1578, 0.0369
-0.0933, -0.1338, 0.0405
-0.0295, -0.0106, 0.0189
0.0690, -0.0487, 0.1177
0.1994, 0.2071, 0.0077
0.3571, 0.3558, 0.0013
0.5366, 0.4876, 0.0490
0.7317, 0.7368, 0.0051
0.9359, 0.8202, 0.1157
1.1428, 1.1460, 0.0032
1.3466, 1.2468, 0.0998
1.5424, 1.5431, 0.0007
1.7264, 1.7149, 0.0115
1.8962, 1.8910, 0.0052
2.0507, 2.0594, 0.0087
2.1901, 2.1740, 0.0161
2.3160, 2.3186, 0.0026
2.4307, 2.3986, 0.0321
2.5377, 2.5264, 0.0113
2.6408, 2.5879, 0.0529
2.7440, 2.7090, 0.0350
2.8512, 2.7990, 0.0522
2.9659, 2.8985, 0.0674
3.0911, 3.0002, 0.0909
3.2291, 3.1984, 0.0307
3.3811, 3.3410, 0.0401
3.5476, 3.5044, 0.0432
3.7281, 3.6746, 0.0535
3.9214, 3.9129, 0.0085
4.1257, 4.0554, 0.0703
4.3386, 4.2614, 0.0772
4.5576, 4.4587, 0.0989
4.7801, 4.7780, 0.0021
5.0035, 4.9961, 0.0074
5.2255, 5.2278, 0.0023
5.4441, 5.4435, 0.0006
5.6576, 5.6642, 0.0066
5.8649, 5.8793, 0.0144
6.0653, 6.0741, 0.0088
6.2580, 6.2769, 0.0189
6.4428, 6.4533, 0.0105
6.6196, 6.6025, 0.0171
6.7882, 6.7989, 0.0107
6.9486, 6.9021, 0.0465
7.1004, 7.1110, 0.0106
7.2432, 7.1675, 0.0757
7.3764, 7.3108, 0.0656
7.4991, 7.4121, 0.0870
7.6102, 7.6216, 0.0114
7.7084, 7.6755, 0.0329
7.7924, 7.8053, 0.0129
7.8608, 7.8637, 0.0029
7.9124, 7.9273, 0.0149
7.9460, 8.0541, 0.1081
7.9606, 7.9781, 0.0175
7.9559, 8.0823, 0.1264
7.9319, 7.9562, 0.0243
7.8891, 7.9991, 0.1100
7.8285, 7.8941, 0.0656
7.7515, 7.9691, 0.2176
7.6599, 7.6347, 0.0252
7.5561, 7.4648, 0.0913
7.4426, 7.4138, 0.0288
7.3219, 7.1670, 0.1549
7.1964, 7.1556, 0.0408
7.0686, 6.9320, 0.1366
6.9405, 6.8673, 0.0732
6.8138, 6.4950, 0.3188
6.6896, 6.6724, 0.0172
6.5686, 6.5976, 0.0290
6.4504, 6.4302, 0.0202
6.3340, 6.3192, 0.0148
6.2178, 6.2201, 0.0023
6.0995, 6.1497, 0.0502
5.9762, 6.0087, 0.0325
5.8445, 5.9413, 0.0968
5.7011, 5.7814, 0.0803
5.5424, 5.6534, 0.1110
5.3651, 5.4553, 0.0902
5.1665, 5.3301, 0.1636
4.9444, 4.9531, 0.0087
4.6977, 4.7926, 0.0949
4.4265, 4.4341, 0.0076
4.1319, 4.1455, 0.0136
3.8166, 3.8184, 0.0018
3.4843, 3.6925, 0.2082
3.1405, 3.1321, 0.0084
2.7913, 3.0015, 0.2102
2.4442, 2.4234, 0.0208
2.1072, 2.0583, 0.0489
1.7885, 1.7554, 0.0331
1.4966, 1.4639, 0.0327
1.2396, 1.1616, 0.0780
1.0248, 0.9802, 0.0446
0.8585, 0.7609, 0.0976
0.7456, 0.7405, 0.0051
0.6897, 0.6187, 0.0710
0.6925, 0.6516, 0.0409
0.7541, 0.6297, 0.1244
0.8726, 0.6997, 0.1729
1.0448, 0.9619, 0.0829
1.2660, 0.9794, 0.2866
1.5302, 1.3278, 0.2024
1.8307, 1.2652, 0.5655
2.1602, 1.7914, 0.3688
2.5113, 2.0197, 0.4916
2.8763, 2.3041, 0.5722
3.2485, 2.8593, 0.3892
3.6212, 3.2008, 0.4204
3.9888, 3.4495, 0.5393
4.3466, 4.3240, 0.0226
4.6906, 4.6651, 0.0255
5.0178, 4.9655, 0.0523
5.3261, 5.2948, 0.0313
5.6140, 5.5482, 0.0658
5.8807, 5.8351, 0.0456
6.1261, 6.1029, 0.0232
6.3501, 6.2816, 0.0685
6.5532, 6.5001, 0.0531
6.7358, 6.5866, 0.1492
6.8987, 6.8071, 0.0916
7.0424, 6.9943, 0.0481
7.1678, 7.0164, 0.1514
7.2755, 7.1915, 0.0840
7.3664, 7.3831, 0.0167
7.4414, 7.5131, 0.0717
7.5014, 7.4334, 0.0680
7.5476, 7.7020, 0.1544
7.5813, 7.4190, 0.1623
7.6041, 7.4593, 0.1448
7.6177, 7.6255, 0.0078
7.6238, 7.6860, 0.0622
7.6243, 7.6868, 0.0625
7.6211, 7.6819, 0.0608
7.6164, 7.6392, 0.0228
7.6117, 7.5991, 0.0126
7.6085, 7.6457, 0.0372
7.6080, 7.6433, 0.0353
7.6113, 7.5744, 0.0369
7.6188, 7.5807, 0.0381
7.6307, 7.6323, 0.0016
7.6469, 7.6376, 0.0093
7.6667, 7.6609, 0.0058
7.6896, 7.6627, 0.0269
7.7143, 7.6862, 0.0281
7.7397, 7.7273, 0.0124
7.7645, 7.7508, 0.0137
7.7875, 7.7719, 0.0156
7.8076, 7.8059, 0.0017
7.8240, 7.8353, 0.0113
7.8359, 7.8505, 0.0146
7.8432, 7.8567, 0.0135
7.8460, 7.8569, 0.0109
7.8447, 7.8570, 0.0123
7.8400, 7.8480, 0.0080
7.8332, 7.8505, 0.0173
7.8253, 7.8490, 0.0237
7.8179, 7.8121, 0.0058
7.8123, 7.8340, 0.0217
7.8099, 7.8209, 0.0110
7.8119, 7.8224, 0.0105
7.8192, 7.8047, 0.0145
7.8323, 7.7849, 0.0474
7.8514, 7.8624, 0.0110
7.8763, 7.8495, 0.0268
7.9063, 7.9165, 0.0102
7.9405, 7.9480, 0.0075
7.9775, 7.9691, 0.0084
8.0156, 8.0131, 0.0025
8.0529, 8.0682, 0.0153
8.0877, 8.0892, 0.0015
8.1181, 8.1223, 0.0042
8.1423, 8.1534, 0.0111
8.1587, 8.1540, 0.0047
8.1663, 8.1670, 0.0007
8.1643, 8.1778, 0.0135
8.1522, 8.1823, 0.0301
8.1303, 8.1724, 0.0421
8.0990, 8.1471, 0.0481
8.0595, 8.0994, 0.0399
8.0130, 8.1483, 0.1353
7.9610, 7.9720, 0.0110
7.9051, 7.9877, 0.0826
7.8471, 7.8703, 0.0232
7.7883, 7.8441, 0.0558
7.7301, 7.7274, 0.0027
7.6732, 7.6828, 0.0096
7.6181, 7.6222, 0.0041
7.5646, 7.5728, 0.0082
7.5120, 7.5278, 0.0158
7.4589, 7.4564, 0.0025
7.4035, 7.4134, 0.0099
7.3432, 7.3501, 0.0069
7.2753, 7.2873, 0.0120
7.1966, 7.2318, 0.0352
7.1037, 7.1322, 0.0285
6.9934, 7.0729, 0.0795
6.8625, 6.9111, 0.0486
6.7083, 6.7170, 0.0087
6.5287, 6.5822, 0.0535
6.3224, 6.3272, 0.0048
6.0890, 6.1738, 0.0848
5.8291, 5.8285, 0.0006
5.5444, 5.5395, 0.0049
5.2376, 5.2290, 0.0086
4.9125, 4.8896, 0.0229
4.5739, 4.5555, 0.0184
4.2273, 4.2651, 0.0378
3.8786, 3.8917, 0.0131
3.5341, 3.5162, 0.0179
3.2001, 3.2471, 0.0470
2.8827, 2.8941, 0.0114
2.5872, 2.6762, 0.0890
2.3180, 2.3702, 0.0522
2.0784, 2.1134, 0.0350
1.8703, 1.9799, 0.1096
1.6939, 1.7535, 0.0596
1.5481, 1.5657, 0.0176
1.4300, 1.4479, 0.0179
1.3355, 1.3660, 0.0305
1.2593, 1.2778, 0.0185
1.1949, 1.2387, 0.0438
1.1356, 1.1490, 0.0134
1.0745, 1.3223, 0.2478
1.0049, 1.1509, 0.1460
0.9211, 0.9427, 0.0216
0.8183, 0.8162, 0.0021
0.6933, 0.7166, 0.0233
0.5445, 0.5725, 0.0280
0.3723, 0.4276, 0.0553
0.1790, 0.2057, 0.0267
-0.0313, -0.0504, 0.0191
-0.2529, -0.2536, 0.0007
-0.4785, -0.4686, 0.0099
-0.7001, -0.6936, 0.0065
-0.9089, -0.9092, 0.0003
-1.0962, -1.0845, 0.0117
-1.2535, -1.2152, 0.0383
-1.3733, -1.3617, 0.0116
-1.4493, -1.4779, 0.0286
-1.4768, -1.4765, 0.0003
-1.4529, -1.5408, 0.0879
-1.3766, -1.4166, 0.0400
-1.2490, -1.4759, 0.2269
-1.0730, -1.2437, 0.1707
-0.8532, -0.9799, 0.1267
-0.5955, -1.0264, 0.4309
-0.3070, -0.7487, 0.4417
0.0046, -0.0925, 0.0971
0.3315, 0.2472, 0.0843
0.6658, 0.5178, 0.1480
1.0002, 0.9110, 0.0892
1.3281, 1.3584, 0.0303
1.6438, 1.6131, 0.0307
1.9429, 1.8622, 0.0807
2.2219, 2.1778, 0.0441
2.4785, 2.3469, 0.1316
2.7118, 2.6680, 0.0438
2.9213, 2.8475, 0.0738
3.1076, 3.1183, 0.0107
3.2719, 3.2387, 0.0332
3.4154, 3.4044, 0.0110
3.5400, 3.4971, 0.0429
3.6470, 3.5992, 0.0478
3.7379, 3.6911, 0.0468
3.8138, 3.7249, 0.0889
3.8756, 3.8465, 0.0291
3.9235, 3.9975, 0.0740
3.9578, 4.0973, 0.1395
3.9782, 4.1268, 0.1486
3.9846, 3.9985, 0.0139
3.9766, 3.9906, 0.0140
3.9541, 3.9902, 0.0361
3.9174, 3.9814, 0.0640
3.8667, 3.9996, 0.1329
3.8030, 3.9720, 0.1690
3.7276, 3.9658, 0.2382
3.6423, 3.9270, 0.2847
3.5494, 3.5562, 0.0068
3.4512, 3.3025, 0.1487
3.3505, 3.2785, 0.0720
3.2499, 3.2334, 0.0165
3.1522, 2.9468, 0.2054
3.0599, 2.9445, 0.1154
2.9749, 2.9451, 0.0298
2.8986, 2.8549, 0.0437
2.8317, 2.7958, 0.0359
2.7740, 2.7315, 0.0425
2.7244, 2.6918, 0.0326
2.6811, 2.6703, 0.0108
2.6411, 2.6820, 0.0409
2.6010, 2.5840, 0.0170
2.5568, 2.6014, 0.0446
2.5040, 2.4860, 0.0180
2.4381, 2.5093, 0.0712
2.3551, 2.4325, 0.0774
2.2512, 2.3553, 0.1041
2.1237, 2.1373, 0.0136
1.9708, 1.9894, 0.0186
1.7918, 1.8388, 0.0470
1.5873, 1.6518, 0.0645
1.3596, 1.4475, 0.0879
1.1122, 1.1167, 0.0045
0.8501, 1.0081, 0.1580
0.5792, 0.5239, 0.0553
0.3063, 0.2547, 0.0516
0.0388, -0.0384, 0.0772
-0.2158, -0.2850, 0.0692
-0.4501, -0.5044, 0.0543
-0.6573, -0.6844, 0.0271
-0.8316, -0.9098, 0.0782
-0.9683, -0.9913, 0.0230
-1.0645, -1.1157, 0.0512
-1.1185, -1.1338, 0.0153
-1.1307, -1.1987, 0.0680
-1.1029, -1.1296, 0.0267
-1.0384, -1.2688, 0.2304
-0.9420, -1.0481, 0.1061
-0.8193, -0.9206, 0.1013
-0.6765, -0.8966, 0.2201
-0.5203, -0.7720, 0.2517
-0.3568, -0.4597, 0.1029
-0.1923, -0.0431, 0.1492
-0.0315, -0.1612, 0.1297
0.1217, 0.1201, 0.0016
0.2644, 0.3713, 0.1069
0.3955, 0.3789, 0.0166
0.5145, 0.4689, 0.0456
0.6227, 0.4868, 0.1359
0.7221, 0.3672, 0.3549
0.8154, 0.6912, 0.1242
0.9061, 0.7675, 0.1386
0.9974, 0.9751, 0.0223
1.0928, 1.0508, 0.0420
1.1952, 1.1660, 0.0292
1.3068, 1.2338, 0.0730
1.4291, 1.3846, 0.0445
1.5624, 1.4511, 0.1113
1.7062, 1.6847, 0.0215
1.8589, 1.7697, 0.0892
2.0181, 2.0182, 0.0001
2.1805, 2.1859, 0.0054
2.3425, 2.3463, 0.0038
2.5001, 2.5246, 0.0245
2.6492, 2.6583, 0.0091
2.7860, 2.8333, 0.0473
2.9069, 2.9218, 0.0149
3.0092, 3.0817, 0.0725
3.0906, 3.1095, 0.0189
3.1498, 3.2025, 0.0527
3.1866, 3.2072, 0.0206
3.2015, 3.2781, 0.0766
3.1957, 3.2429, 0.0472
3.1714, 3.1909, 0.0195
3.1314, 3.2025, 0.0711
3.0789, 3.2101, 0.1312
3.0174, 3.0626, 0.0452
2.9507, 2.9546, 0.0039
2.8821, 2.9921, 0.1100
2.8151, 2.7206, 0.0945
2.7525, 2.7072, 0.0453
2.6966, 2.7295, 0.0329
2.6493, 2.4265, 0.2228
2.6118, 2.5795, 0.0323
2.5845, 2.4676, 0.1169
2.5674, 2.3754, 0.1920
2.5601, 2.3593, 0.2008
2.5620, 2.6822, 0.1202
2.5721, 2.5203, 0.0518
2.5896, 2.7571, 0.1675
2.6136, 2.7078, 0.0942
2.6437, 2.5983, 0.0454
2.6796, 2.8056, 0.1260
2.7216, 2.8560, 0.1344
2.7702, 2.7210, 0.0492
2.8264, 2.7745, 0.0519
2.8914, 2.7591, 0.1323
2.9664, 2.8321, 0.1343
3.0530, 3.0612, 0.0082
3.1523, 3.1175, 0.0348
3.2655, 3.2124, 0.0531
3.3932, 3.3140, 0.0792
3.5353, 3.4722, 0.0631
3.6914, 3.6388, 0.0526
3.8601, 3.7663, 0.0938
4.0396, 3.9495, 0.0901
4.2271, 4.2439, 0.0168
4.4198, 4.4085, 0.0113
4.6140, 4.6221, 0.0081
4.8060, 4.8085, 0.0025
4.9920, 5.0187, 0.0267
5.1683, 5.1853, 0.0170
5.3316, 5.3374, 0.0058
5.4789, 5.5107, 0.0318
5.6079, 5.6271, 0.0192
5.7172, 5.7615, 0.0443
5.8057, 5.8361, 0.0304
5.8734, 5.8316, 0.0418
5.9211, 5.9579, 0.0368
5.9499, 5.8773, 0.0726
5.9618, 5.9134, 0.0484
5.9590, 5.9541, 0.0049
5.9440, 5.9804, 0.0364
5.9197, 5.8731, 0.0466
5.8883, 5.8171, 0.0712
5.8522, 5.8734, 0.0212
5.8134, 5.6292, 0.1842
5.7733, 5.7757, 0.0024
5.7329, 5.6203, 0.1126
5.6923, 5.6228, 0.0695
5.6511, 5.5881, 0.0630
5.6083, 5.5092, 0.0991
5.5622, 5.5357, 0.0265
5.5108, 5.5576, 0.0468
5.4516, 5.4702, 0.0186
5.3823, 5.4035, 0.0212
5.3003, 5.3722, 0.0719
5.2037, 5.2502, 0.0465
5.0907, 5.1030, 0.0123
4.9598, 5.0297, 0.0699
4.8107, 4.8037, 0.0070
4.6438, 4.6509, 0.0071
4.4599, 4.4609, 0.0010
4.2612, 4.2843, 0.0231
4.0501, 4.0362, 0.0139
3.8300, 3.8513, 0.0213
3.6047, 3.5850, 0.0197
3.3784, 3.3614, 0.0170
3.1552, 3.1545, 0.0007
2.9394, 2.9683, 0.0289
2.7345, 2.7326, 0.0019
2.5437, 2.6003, 0.0566
2.3695, 2.3690, 0.0005
2.2133, 2.2370, 0.0237
2.0759, 2.0787, 0.0028
1.9570, 2.0005, 0.0435
1.8554, 1.8832, 0.0278
1.7693, 1.7905, 0.0212
1.6963, 1.7079, 0.0116
1.6335, 1.6587, 0.0252
1.5778, 1.5915, 0.0137
1.5267, 1.5644, 0.0377
1.4779, 1.4863, 0.0084
1.4294, 1.4765, 0.0471
1.3805, 1.3736, 0.0069
1.3309, 1.3263, 0.0046
1.2812, 1.2484, 0.0328
1.2329, 1.2021, 0.0308
1.1883, 1.1218, 0.0665
1.1503, 1.0833, 0.0670
1.1220, 1.1147, 0.0073
1.1069, 1.0890, 0.0179
1.1081, 1.0930, 0.0151
1.1283, 1.0944, 0.0339
1.1697, 1.1260, 0.0437
1.2333, 1.1238, 0.1095
1.3193, 1.2185, 0.1008
1.4266, 1.2002, 0.2264
1.5528, 1.3180, 0.2348
1.6947, 1.5217, 0.1730
1.8476, 1.8140, 0.0336
2.0062, 1.9935, 0.0127
2.1647, 2.1893, 0.0246
2.3170, 2.2904, 0.0266
2.4568, 2.4938, 0.0370
2.5785, 2.5503, 0.0282
2.6768, 2.7288, 0.0520
2.7475, 2.7675, 0.0200
2.7878, 2.8561, 0.0683
2.7958, 2.8633, 0.0675
2.7715, 2.8674, 0.0959
2.7159, 2.7049, 0.0110
2.6319, 2.7765, 0.1446
2.5232, 2.5963, 0.0731
2.3947, 2.7107, 0.3160
2.2523, 2.5396, 0.2873
2.1019, 2.6056, 0.5037
1.9499, 2.0254, 0.0755
1.8023, 2.0131, 0.2108
1.6648, 1.8988, 0.2340
1.5420, 1.5997, 0.0577
1.4377, 1.3267, 0.1110
1.3544, 1.3666, 0.0122
1.2934, 1.3342, 0.0408
1.2548, 1.1789, 0.0759
1.2375, 1.3884, 0.1509
1.2395, 1.1155, 0.1240
1.2582, 1.5108, 0.2526
1.2903, 1.5278, 0.2375
1.3325, 1.6078, 0.2753
1.3816, 1.7514, 0.3698
1.4348, 1.5002, 0.0654
1.4897, 1.9263, 0.4366
1.5452, 1.5256, 0.0196
1.6005, 1.6196, 0.0191
1.6561, 1.5619, 0.0942
1.7130, 1.6410, 0.0720
1.7733, 1.6931, 0.0802
1.8394, 1.6757, 0.1637
1.9145, 1.9294, 0.0149
2.0016, 1.9549, 0.0467
2.1037, 1.9163, 0.1874
2.2236, 2.1546, 0.0690
2.3635, 2.2696, 0.0939
2.5247, 2.4299, 0.0948
2.7081, 2.5945, 0.1136
2.9135, 2.8456, 0.0679
3.1396, 3.0350, 0.1046
3.3846, 3.3962, 0.0116
3.6455, 3.6742, 0.0287
3.9193, 3.9381, 0.0188
4.2017, 4.2449, 0.0432
4.4886, 4.5119, 0.0233
4.7759, 4.8257, 0.0498
5.0589, 5.0851, 0.0262
5.3335, 5.3255, 0.0080
5.5955, 5.6247, 0.0292
5.8414, 5.8620, 0.0206
6.0681, 6.0708, 0.0027
6.2727, 6.2973, 0.0246
6.4533, 6.4412, 0.0121
6.6081, 6.6367, 0.0286
6.7358, 6.7130, 0.0228
6.8356, 6.8670, 0.0314
6.9071, 6.8804, 0.0267
6.9501, 6.8497, 0.1004
6.9650, 6.9680, 0.0030
6.9521, 6.9669, 0.0148
6.9119, 6.9135, 0.0016
6.8451, 6.9237, 0.0786
6.7525, 6.7458, 0.0067
6.6349, 6.5757, 0.0592
6.4931, 6.4696, 0.0235
6.3281, 6.1941, 0.1340
6.1414, 6.0989, 0.0425
5.9344, 5.9386, 0.0042
5.7090, 5.6585, 0.0505
5.4674, 5.5096, 0.0422
5.2123, 5.1802, 0.0321
4.9468, 5.1005, 0.1537
4.6744, 4.6961, 0.0217
4.3994, 4.5012, 0.1018
4.1259, 4.1564, 0.0305
3.8586, 3.8374, 0.0212
3.6022, 3.6412, 0.0390
3.3614, 3.3426, 0.0188
3.1407, 3.1855, 0.0448
2.9442, 2.9262, 0.0180
2.7752, 2.7918, 0.0166
2.6363, 2.6503, 0.0140
2.5287, 2.3324, 0.1963
2.4526, 2.4511, 0.0015
2.4068, 2.3788, 0.0280
2.3887, 2.3316, 0.0571
2.3944, 2.3388, 0.0556
2.4188, 2.3534, 0.0654
2.4557, 2.3870, 0.0687
2.4982, 2.3407, 0.1575
2.5392, 2.7625, 0.2233
2.5714, 2.7749, 0.2035
2.5878, 2.6507, 0.0629
2.5825, 2.7416, 0.1591
2.5504, 2.6858, 0.1354
2.4879, 2.7346, 0.2467
2.3933, 2.6143, 0.2210
2.2667, 2.5903, 0.3236
2.1099, 2.1528, 0.0429
1.9267, 2.0022, 0.0755
1.7224, 1.7511, 0.0287
1.5038, 1.4583, 0.0455
1.2788, 1.2907, 0.0119
1.0556, 1.0179, 0.0377
0.8426, 0.8762, 0.0336
0.6477, 0.6103, 0.0374
0.4777, 0.5192, 0.0415
0.3383, 0.3414, 0.0031
0.2331, 0.2366, 0.0035
0.1639, 0.1950, 0.0311
0.1304, 0.0691, 0.0613
0.1299, 0.2393, 0.1094
0.1579, 0.0866, 0.0713
0.2079, 0.0567, 0.1512
0.2725, 0.7139, 0.4414
0.3432, 0.6901, 0.3469
0.4112, 0.4411, 0.0299
0.4683, 0.5443, 0.0760
0.5067, 0.6143, 0.1076
0.5203, 0.7234, 0.2031
0.5046, 0.5774, 0.0728
0.4573, 0.5466, 0.0893
0.3785, 0.6915, 0.3130
0.2700, 0.3556, 0.0856
0.1364, 0.1586, 0.0222
-0.0162, -0.0271, 0.0109
-0.1801, -0.1743, 0.0058
-0.3464, -0.6486, 0.3022
-0.5061, -0.5062, 0.0001
-0.6502, -0.6259, 0.0243
-0.7705, -0.7642, 0.0063
-0.8601, -0.7886, 0.0715
-0.9140, -1.0155, 0.1015
-0.9291, -1.0184, 0.0893
-0.9048, -0.9726, 0.0678
-0.8428, -1.0426, 0.1998
-0.7470, -0.9098, 0.1628
-0.6235, -0.9098, 0.2863
-0.4798, -0.7402, 0.2604
-0.3246, -0.3454, 0.0208
-0.1670, -0.2603, 0.0933
-0.0162, -0.0761, 0.0599
0.1193, 0.1111, 0.0082
0.2320, 0.1591, 0.0729
0.3163, 0.1820, 0.1343
0.3686, 0.2999, 0.0687
0.3872, 0.3874, 0.0002
0.3728, 0.2710, 0.1018
0.3281, 0.3510, 0.0229
0.2578, 0.3444, 0.0866
0.1684, 0.1156, 0.0528
0.0670, -0.2825, 0.3495
-0.0384, -0.0276, 0.0108
-0.1400, -0.3569, 0.2169
-0.2303, -0.1946, 0.0357
-0.3032, -0.1534, 0.1498
-0.3539, -0.2671, 0.0868
-0.3795, -0.3389, 0.0406
-0.3791, -0.4401, 0.0610
-0.3540, -0.4423, 0.0883
-0.3075, -0.4574, 0.1499
-0.2445, -0.2687, 0.0242
-0.1711, -0.0837, 0.0874
-0.0946, -0.1540, 0.0594
-0.0226, 0.0877, 0.1103
0.0376, 0.1294, 0.0918
0.0794, 0.3373, 0.2579
0.0973, 0.1177, 0.0204
0.0875, 0.4158, 0.3283
0.0481, 0.0048, 0.0433
-0.0207, -0.1688, 0.1481
-0.1167, 0.0466, 0.1633
-0.2358, -0.3819, 0.1461
-0.3719, -0.2089, 0.1630
-0.5177, -0.4117, 0.1060
-0.6648, -0.6194, 0.0454
-0.8048, -0.7991, 0.0057
-0.9292, -0.8952, 0.0340
-1.0305, -0.9920, 0.0385
-1.1023, -1.1365, 0.0342
-1.1398, -1.2337, 0.0939
-1.1404, -1.2155, 0.0751
-1.1039, -1.2456, 0.1417
-1.0320, -1.1775, 0.1455
-0.9287, -0.9233, 0.0054
-0.7998, -0.8795, 0.0797
-0.6528, -0.9791, 0.3263
-0.4958, -0.6420, 0.1462
-0.3378, -0.4428, 0.1050
-0.1875, -0.4958, 0.3083
-0.0530, 0.1447, 0.1977
0.0590, 0.0862, 0.0272
0.1432, 0.0345, 0.1087
0.1968, 0.2364, 0.0396
0.2186, 0.2226, 0.0040
0.2099, 0.2380, 0.0281
0.1744, 0.1744, 0.0000
0.1175, 0.1243, 0.0068
0.0463, 0.0255, 0.0208
-0.0306, -0.0695, 0.0389
-0.1045, -0.2417, 0.1372
-0.1661, -0.2349, 0.0688
-0.2066, -0.3893, 0.1827
-0.2185, 0.0656, 0.2841
-0.1953, -0.1304, 0.0649
-0.1326, -0.1364, 0.0038
-0.0280, -0.0493, 0.0213
0.1190, 0.0124, 0.1066
0.3064, 0.1362, 0.1702
0.5304, 0.4456, 0.0848
0.7855, 0.8620, 0.0765
1.0648, 1.1239, 0.0591
1.3604, 1.4123, 0.0519
1.6639, 1.6659, 0.0020
1.9671, 2.0103, 0.0432
2.2620, 2.1688, 0.0932
2.5414, 2.5760, 0.0346
2.7995, 2.7862, 0.0133
3.0316, 2.9739, 0.0577
3.2346, 3.2468, 0.0122
3.4070, 3.4483, 0.0413
3.5488, 3.5698, 0.0210
3.6614, 3.7100, 0.0486
3.7473, 3.7724, 0.0251
3.8098, 3.8234, 0.0136
3.8528, 3.8771, 0.0243
3.8803, 3.9827, 0.1024
3.8962, 3.9155, 0.0193
3.9041, 3.9217, 0.0176
3.9066, 3.8447, 0.0619
3.9056, 3.9211, 0.0155
3.9019, 3.7775, 0.1244
3.8953, 3.9002, 0.0049
3.8847, 3.9214, 0.0367
3.8682, 3.8806, 0.0124
3.8435, 3.8389, 0.0046
3.8076, 3.8989, 0.0913
3.7578, 3.7732, 0.0154
3.6916, 3.7891, 0.0975
3.6072, 3.6746, 0.0674
3.5036, 3.6749, 0.1713
3.3810, 3.5426, 0.1616
3.2407, 3.1275, 0.1132
3.0854, 3.1935, 0.1081
2.9190, 2.9641, 0.0451
2.7467, 2.7126, 0.0341
2.5746, 2.5457, 0.0289
2.4095, 2.3424, 0.0671
2.2586, 2.1486, 0.1100
2.1289, 2.0221, 0.1068
2.0271, 1.9246, 0.1025
1.9592, 1.8600, 0.0992
1.9299, 1.8500, 0.0799
1.9424, 1.8283, 0.1141
1.9985, 1.8951, 0.1034
2.0980, 1.9925, 0.1055
2.2391, 2.0845, 0.1546
2.4182, 2.1005, 0.3177
2.6303, 2.8238, 0.1935
2.8694, 2.7979, 0.0715
3.1282, 2.9682, 0.1600
3.3991, 3.2982, 0.1009
3.6740, 4.1482, 0.4742
3.9455, 3.8313, 0.1142
4.2062, 4.2370, 0.0308
4.4499, 4.4625, 0.0126
4.6713, 4.6263, 0.0450
4.8664, 4.8950, 0.0286
5.0322, 4.9657, 0.0665
5.1674, 5.2152, 0.0478
5.2715, 5.1829, 0.0886
5.3454, 5.3754, 0.0300
5.3907, 5.1838, 0.2069
5.4094, 5.4571, 0.0477
5.4043, 5.4466, 0.0423
5.3783, 5.3443, 0.0340
5.3340, 5.2340, 0.1000
5.2740, 5.2194, 0.0546
5.2004, 5.0440, 0.1564
5.1149, 5.0707, 0.0442
5.0186, 5.1521, 0.1335
4.9122, 4.9326, 0.0204
4.7962, 4.9350, 0.1388
4.6707, 4.8197, 0.1490
4.5357, 4.7467, 0.2110
4.3914, 4.5097, 0.1183
4.2382, 4.1218, 0.1164
4.0768, 3.9950, 0.0818
3.9088, 3.7890, 0.1198
3.7362, 3.7305, 0.0057
3.5616, 3.5699, 0.0083
3.3885, 3.4010, 0.0125
3.2209, 3.2470, 0.0261
3.0631, 3.0642, 0.0011
2.9199, 2.9315, 0.0116
2.7961, 2.8051, 0.0090
2.6963, 2.6971, 0.0008
2.6246, 2.6060, 0.0186
2.5846, 2.5683, 0.0163
2.5792, 2.5192, 0.0600
2.6098, 2.5333, 0.0765
2.6771, 2.5891, 0.0880
2.7803, 2.5695, 0.2108
2.9175, 2.8806, 0.0369
3.0856, 2.9020, 0.1836
3.2805, 2.9151, 0.3654
3.4974, 3.1643, 0.3331
3.7308, 3.5283, 0.2025
3.9748, 4.1033, 0.1285
4.2235, 3.9190, 0.3045
4.4712, 4.3472, 0.1240
4.7127, 4.6674, 0.0453
4.9431, 4.9043, 0.0388
5.1588, 5.1133, 0.0455
5.3567, 5.3105, 0.0462
5.5349, 5.5111, 0.0238
5.6925, 5.7093, 0.0168
5.8295, 5.8612, 0.0317
5.9470, 5.9306, 0.0164
6.0468, 6.0433, 0.0035
6.1312, 6.1134, 0.0178
6.2030, 6.1905, 0.0125
6.2651, 6.3186, 0.0535
6.3205, 6.2500, 0.0705
6.3723, 6.4455, 0.0732
6.4227, 6.4065, 0.0162
6.4741, 6.3216, 0.1525
6.5278, 6.4892, 0.0386
6.5847, 6.5430, 0.0417
6.6449, 6.5788, 0.0661
6.7082, 6.6493, 0.0589
6.7736, 6.7124, 0.0612
6.8395, 6.8357, 0.0038
6.9043, 6.8979, 0.0064
6.9660, 6.9649, 0.0011
7.0225, 7.0224, 0.0001
7.0720, 7.0747, 0.0027
7.1129, 7.1201, 0.0072
7.1440, 7.1504, 0.0064
7.1643, 7.2083, 0.0440
7.1736, 7.1829, 0.0093
7.1721, 7.1974, 0.0253
7.1609, 7.1723, 0.0114
7.1414, 7.1741, 0.0327
7.1152, 7.1610, 0.0458
7.0845, 7.1639, 0.0794
7.0515, 7.0631, 0.0116
7.0186, 7.0952, 0.0766
6.9877, 7.0093, 0.0216
6.9610, 6.9645, 0.0035
6.9397, 6.9597, 0.0200
6.9250, 6.8429, 0.0821
6.9171, 6.9189, 0.0018
6.9161, 6.9672, 0.0511
6.9212, 6.8903, 0.0309
6.9314, 6.9946, 0.0632
6.9451, 6.9418, 0.0033
6.9602, 6.9260, 0.0342
6.9748, 7.0055, 0.0307
6.9867, 7.0870, 0.1003
6.9940, 6.9314, 0.0626
6.9948, 6.9246, 0.0702
6.9876, 7.0502, 0.0626
6.9713, 7.0061, 0.0348
6.9450, 6.9533, 0.0083
6.9086, 6.9709, 0.0623
6.8620, 6.9273, 0.0653
6.8058, 6.8325, 0.0267
6.7407, 6.7675, 0.0268
6.6675, 6.6980, 0.0305
6.5870, 6.6033, 0.0163
6.5000, 6.4823, 0.0177
6.4071, 6.4446, 0.0375
6.3086, 6.3005, 0.0081
6.2044, 6.2261, 0.0217
6.0940, 6.1782, 0.0842
5.9766, 6.0358, 0.0592
5.8512, 5.8965, 0.0453
5.7165, 5.7612, 0.0447
5.5711, 5.6178, 0.0467
5.4138, 5.5197, 0.1059
5.2437, 5.3096, 0.0659
5.0603, 5.1283, 0.0680
4.8637, 4.9404, 0.0767
4.6545, 4.6472, 0.0073
4.4343, 4.5279, 0.0936
4.2054, 4.1934, 0.0120
3.9711, 4.0476, 0.0765
3.7351, 3.7185, 0.0166
3.5021, 3.4648, 0.0373
3.2767, 3.2548, 0.0219
3.0641, 3.0164, 0.0477
2.8689, 2.8422, 0.0267
2.6957, 2.6393, 0.0564
2.5480, 2.5182, 0.0298
2.4287, 2.4664, 0.0377
2.3392, 2.4210, 0.0818
2.2799, 2.3315, 0.0516
2.2495, 2.2138, 0.0357
2.2455, 2.2337, 0.0118
2.2640, 2.2024, 0.0616
2.3001, 2.2712, 0.0289
2.3482, 2.3663, 0.0181
2.4022, 2.3382, 0.0640
2.4558, 2.5611, 0.1053
2.5031, 2.3998, 0.1033
2.5388, 2.8236, 0.2848
2.5586, 2.5447, 0.0139
2.5595, 2.4982, 0.0613
2.5400, 2.5406, 0.0006
2.5001, 2.4386, 0.0615
2.4413, 2.4689, 0.0276
2.3665, 2.2731, 0.0934
2.2800, 2.3428, 0.0628
2.1868, 2.2422, 0.0554
2.0927, 2.0626, 0.0301
2.0033, 1.9820, 0.0213
1.9241, 1.8341, 0.0900
1.8597, 1.9211, 0.0614
1.8136, 1.8623, 0.0487
1.7880, 1.7251, 0.0629
1.7834, 1.7876, 0.0042
1.7987, 1.7640, 0.0347
1.8309, 1.8514, 0.0205
1.8754, 1.8296, 0.0458
1.9266, 1.9195, 0.0071
1.9779, 1.9970, 0.0191
2.0220, 2.0551, 0.0331
2.0518, 2.0959, 0.0441
2.0606, 2.2208, 0.1602
2.0427, 2.1876, 0.1449
1.9938, 1.9498, 0.0440
1.9113, 2.1156, 0.2043
1.7946, 1.7608, 0.0338
1.6454, 1.7943, 0.1489
1.4670, 1.4847, 0.0177
1.2650, 1.3559, 0.0909
1.0469, 1.0497, 0.0028
0.8211, 0.8571, 0.0360
0.5972, 0.5653, 0.0319
0.3847, 0.4375, 0.0528
0.1932, 0.1038, 0.0894
0.0314, 0.0283, 0.0031
-0.0934, -0.0212, 0.0722
-0.1757, -0.2358, 0.0601
-0.2119, -0.2414, 0.0295
-0.2010, -0.2078, 0.0068
-0.1443, -0.2124, 0.0681
-0.0455, -0.0376, 0.0079
0.0898, 0.2115, 0.1217
0.2542, 0.3280, 0.0738
0.4387, 0.6580, 0.2193
0.6338, 0.8366, 0.2028
0.8296, 1.1255, 0.2959
1.0167, 1.4191, 0.4024
1.1862, 1.2721, 0.0859
1.3311, 1.2986, 0.0325
1.4456, 1.3370, 0.1086
1.5262, 1.2191, 0.3071
1.5712, 1.5408, 0.0304
1.5814, 1.6723, 0.0909
1.5593, 1.5231, 0.0362
1.5093, 1.4480, 0.0613
1.4372, 1.3266, 0.1106
1.3498, 1.2525, 0.0973
1.2543, 1.0542, 0.2001
1.1580, 1.0737, 0.0843
1.0678, 1.3094, 0.2416
0.9892, 1.0047, 0.0155
0.9271, 0.8365, 0.0906
0.8845, 1.1180, 0.2335
0.8628, 0.7323, 0.1305
0.8619, 0.9008, 0.0389
0.8799, 0.7331, 0.1468
0.9139, 0.9224, 0.0085
0.9599, 1.1215, 0.1616
1.0129, 1.1882, 0.1753
1.0680, 1.0548, 0.0132
1.1204, 1.2877, 0.1673
1.1658, 1.2533, 0.0875
1.2006, 1.0818, 0.1188
1.2228, 1.4158, 0.1930
1.2313, 1.3355, 0.1042
1.2264, 1.2226, 0.0038
1.2098, 1.3066, 0.0968
1.1844, 1.1591, 0.0253
1.1541, 1.0897, 0.0644
1.1236, 1.0816, 0.0420
1.0975, 1.0386, 0.0589
1.0805, 0.9709, 0.1096
1.0767, 1.0182, 0.0585
1.0895, 1.0515, 0.0380
1.1209, 1.0428, 0.0781
1.1717, 1.0200, 0.1517
1.2407, 1.1358, 0.1049
1.3255, 1.2740, 0.0515
1.4219, 1.4001, 0.0218
1.5248, 1.5005, 0.0243
1.6279, 1.6355, 0.0076
1.7245, 1.7074, 0.0171
1.8074, 1.8479, 0.0405
1.8701, 1.8978, 0.0277
1.9067, 1.9282, 0.0215
1.9125, 1.9668, 0.0543
1.8845, 1.9325, 0.0480
1.8213, 1.9087, 0.0874
1.7235, 1.9165, 0.1930
1.5937, 1.8281, 0.2344
1.4363, 1.7444, 0.3081
1.2574, 1.5498, 0.2924
1.0644, 1.1394, 0.0750
0.8656, 1.0946, 0.2290
0.6694, 0.7150, 0.0456
0.4844, 0.6432, 0.1588
0.3184, 0.2575, 0.0609
0.1779, 0.1534, 0.0245
0.0680, -0.0120, 0.0800
-0.0083, -0.0449, 0.0366
-0.0499, -0.1716, 0.1217
-0.0582, -0.1088, 0.0506
-0.0365, -0.0320, 0.0045
0.0102, 0.0003, 0.0099
0.0752, 0.3089, 0.2337
0.1507, 0.0620, 0.0887
0.2288, 0.1129, 0.1159
0.3012, 0.1913, 0.1099
0.3604, 0.2132, 0.1472
0.4000, 0.4361, 0.0361
0.4150, 0.6004, 0.1854
0.4025, 0.5444, 0.1419
0.3614, 0.4357, 0.0743
0.2931, 0.3343, 0.0412
0.2007, 0.5048, 0.3041
0.0894, 0.1434, 0.0540
-0.0342, 0.0572, 0.0914
-0.1622, -0.0353, 0.1269
-0.2866, -0.4922, 0.2056
-0.3991, -0.3741, 0.0250
-0.4920, -0.5209, 0.0289
-0.5590, -0.5475, 0.0115
-0.5950, -0.6210, 0.0260
-0.5971, -0.5844, 0.0127
-0.5645, -0.5976, 0.0331
-0.4986, -0.4623, 0.0363
-0.4029, -0.5084, 0.1055
-0.2829, -0.4196, 0.1367
-0.1457, -0.3186, 0.1729
0.0008, -0.2860, 0.2868
0.1476, 0.3377, 0.1901
0.2863, 0.3143, 0.0280
0.4086, 0.4528, 0.0442
0.5077, 0.5348, 0.0271
0.5779, 0.6188, 0.0409
0.6160, 0.6477, 0.0317
0.6203, 0.6887, 0.0684
0.5917, 0.6125, 0.0208
0.5332, 0.5807, 0.0475
0.4499, 0.5297, 0.0798
0.3483, 0.4473, 0.0990
0.2364, 0.3970, 0.1606
0.1226, 0.0325, 0.0901
0.0157, 0.1203, 0.1046
-0.0761, -0.0714, 0.0047
-0.1455, -0.0761, 0.0694
-0.1865, -0.4369, 0.2504
-0.1950, -0.0785, 0.1165
-0.1690, -0.2723, 0.1033
-0.1084, -0.1933, 0.0849
-0.0153, -0.0499, 0.0346
0.1065, 0.0018, 0.1047
0.2513, 0.2895, 0.0382
0.4125, 0.4002, 0.0123
0.5827, 0.7582, 0.1755
0.7542, 0.7592, 0.0050
0.9197, 0.9098, 0.0099
1.0727, 1.0947, 0.0220
1.2082, 1.2418, 0.0336
1.3224, 1.3537, 0.0313
1.4134, 1.4593, 0.0459
1.4812, 1.4890, 0.0078
1.5274, 1.4680, 0.0594
1.5558, 1.5524, 0.0034
1.5711, 1.6383, 0.0672
1.5795, 1.6502, 0.0707
1.5875, 1.4956, 0.0919
1.6020, 1.5672, 0.0348
1.6296, 1.3120, 0.3176
1.6762, 1.5586, 0.1176
1.7466, 1.6034, 0.1432
1.8441, 1.7443, 0.0998
1.9705, 1.8417, 0.1288
2.1256, 2.0141, 0.1115
2.3077, 2.2876, 0.0201
2.5136, 2.3602, 0.1534
2.7383, 2.7269, 0.0114
2.9759, 2.8816, 0.0943
3.2200, 3.2207, 0.0007
3.4633, 3.4785, 0.0152
3.6991, 3.7765, 0.0774
3.9208, 4.0204, 0.0996
4.1230, 4.2563, 0.1333
4.3012, 4.4401, 0.1389
4.4524, 4.4832, 0.0308
4.5751, 4.6940, 0.1189
4.6696, 4.7075, 0.0379
4.7374, 4.7390, 0.0016
4.7821, 4.8217, 0.0396
4.8081, 4.8165, 0.0084
4.8211, 4.8769, 0.0558
4.8274, 4.7923, 0.0351
4.8338, 4.8400, 0.0062
4.8471, 4.7092, 0.1379
4.8737, 4.8490, 0.0247
4.9195, 4.7467, 0.1728
4.9893, 4.9158, 0.0735
5.0869, 4.9709, 0.1160
5.2146, 5.0688, 0.1458
5.3736, 5.2036, 0.1700
5.5637, 5.5300, 0.0337
5.7832, 5.8140, 0.0308
6.0295, 6.0319, 0.0024
6.2987, 6.2978, 0.0009
6.5863, 6.5695, 0.0168
6.8871, 6.8528, 0.0343
7.1956, 7.2300, 0.0344
7.5062, 7.4408, 0.0654
7.8130, 7.8837, 0.0707
8.1106, 8.0183, 0.0923
8.3939, 8.3266, 0.0673
8.6583, 8.7421, 0.0838
8.8993, 8.8167, 0.0826
9.1134, 9.0656, 0.0478
9.2973, 9.2064, 0.0909
9.4484, 9.3940, 0.0544
9.5641, 9.5709, 0.0068
9.6425, 9.7112, 0.0687
9.6819, 9.6991, 0.0172
9.6807, 9.7930, 0.1123
9.6376, 9.6776, 0.0400
9.5515, 9.6692, 0.1177
9.4217, 9.6153, 0.1936
9.2477, 9.5613, 0.3136
9.0295, 9.3101, 0.2806
8.7678, 9.3619, 0.5941
8.4638, 8.9310, 0.4672
8.1198, 8.4510, 0.3312
7.7387, 8.0823, 0.3436
7.3245, 7.3237, 0.0008
6.8825, 6.7462, 0.1363
6.4188, 6.3982, 0.0206
5.9405, 5.9368, 0.0037
5.4555, 5.4541, 0.0014
4.9726, 5.0210, 0.0484
4.5008, 4.4941, 0.0067
4.0491, 3.8625, 0.1866
3.6265, 3.6458, 0.0193
3.2410, 3.1899, 0.0511
2.8998, 2.9099, 0.0101
2.6087, 2.5627, 0.0460
2.3718, 2.5076, 0.1358
2.1913, 2.1284, 0.0629
2.0671, 1.6655, 0.4016
1.9974, 2.0709, 0.0735
1.9777, 1.9668, 0.0109
2.0021, 1.8929, 0.1092
2.0627, 2.0864, 0.0237
2.1506, 1.9748, 0.1758
2.2561, 2.2957, 0.0396
2.3690, 1.9648, 0.4042
2.4793, 2.5050, 0.0257
2.5779, 2.4316, 0.1463
2.6568, 2.6183, 0.0385
2.7096, 2.4937, 0.2159
2.7317, 2.5771, 0.1546
2.7207, 3.1448, 0.4241
2.6762, 2.8507, 0.1745
2.6000, 2.7439, 0.1439
2.4958, 2.2736, 0.2222
2.3688, 2.1990, 0.1698
2.2254, 2.2629, 0.0375
2.0730, 2.1484, 0.0754
1.9186, 1.8290, 0.0896
1.7695, 1.7811, 0.0116
1.6320, 1.7999, 0.1679
1.5112, 1.4906, 0.0206
1.4105, 1.4536, 0.0431
1.3319, 1.2941, 0.0378
1.2753, 1.2272, 0.0481
1.2390, 1.1480, 0.0910
1.2195, 1.3684, 0.1489
1.2120, 1.3520, 0.1400
1.2110, 1.2322, 0.0212
1.2101, 1.5316, 0.3215
1.2032, 1.3029, 0.0997
1.1846, 1.3359, 0.1513
1.1495, 1.3805, 0.2310
1.0946, 1.3509, 0.2563
1.0182, 1.3200, 0.3018
0.9204, 0.9834, 0.0630
0.8034, 0.8628, 0.0594
0.6713, 0.7214, 0.0501
0.5297, 0.5706, 0.0409
0.3858, 0.4271, 0.0413
0.2480, 0.2795, 0.0315
0.1250, 0.1422, 0.0172
0.0254, -0.0844, 0.1098
-0.0421, -0.1611, 0.1190
-0.0702, -0.2205, 0.1503
-0.0529, -0.1732, 0.1203
0.0140, -0.1292, 0.1432
0.1328, -0.0609, 0.1937
0.3035, 0.0491, 0.2544
0.5241, 0.2495, 0.2746
0.7905, 0.4310, 0.3595
1.0971, 0.5249, 0.5722
1.4363, 1.1780, 0.2583
1.7999, 1.7265, 0.0734
2.1789, 2.1193, 0.0596
2.5640, 2.6368, 0.0728
2.9462, 2.9433, 0.0029
3.3174, 3.3869, 0.0695
3.6702, 3.6230, 0.0472
3.9987, 4.0521, 0.0534
4.2982, 4.1818, 0.1164
4.5659, 4.5712, 0.0053
4.8002, 4.8529, 0.0527
5.0013, 5.0067, 0.0054
5.1707, 5.2184, 0.0477
5.3107, 5.3169, 0.0062
5.4250, 5.3543, 0.0707
5.5174, 5.4904, 0.0270
5.5923, 5.5163, 0.0760
5.6539, 5.6772, 0.0233
5.7063, 5.4953, 0.2110
5.7531, 5.7826, 0.0295
5.7970, 5.6014, 0.1956
5.8403, 5.8767, 0.0364
5.8841, 5.8313, 0.0528
5.9293, 5.8907, 0.0386
5.9753, 5.8476, 0.1277
6.0213, 6.0184, 0.0029
6.0660, 6.0053, 0.0607
6.1077, 6.1072, 0.0005
6.1441, 6.1453, 0.0012
6.1733, 6.1770, 0.0037
6.1933, 6.2027, 0.0094
6.2023, 6.2110, 0.0087
6.1987, 6.2177, 0.0190
6.1816, 6.1993, 0.0177
6.1501, 6.1997, 0.0496
6.1039, 6.1576, 0.0537
6.0432, 6.1104, 0.0672
5.9683, 6.0656, 0.0973
5.8796, 6.0457, 0.1661
5.7778, 5.7907, 0.0129
5.6634, 5.7925, 0.1291
5.5370, 5.6154, 0.0784
5.3989, 5.4097, 0.0108
5.2490, 5.3157, 0.0667
5.0871, 5.1176, 0.0305
4.9128, 4.9132, 0.0004
4.7254, 4.7851, 0.0597
4.5245, 4.5421, 0.0176
4.3095, 4.3178, 0.0083
4.0800, 4.0763, 0.0037
3.8363, 3.8387, 0.0024
3.5790, 3.7509, 0.1719
3.3095, 3.2967, 0.0128
3.0299, 3.1189, 0.0890
2.7433, 2.7076, 0.0357
2.4534, 2.4178, 0.0356
2.1646, 2.1006, 0.0640
1.8821, 1.8249, 0.0572
1.6114, 1.5700, 0.0414
1.3580, 1.4326, 0.0746
1.1274, 1.1459, 0.0185
0.9248, 0.9077, 0.0171
0.7543, 0.7760, 0.0217
0.6190, 0.6031, 0.0159
0.5207, 0.5437, 0.0230
0.4597, 0.4364, 0.0233
0.4345, 0.4546, 0.0201
0.4421, 0.3789, 0.0632
0.4777, 0.3685, 0.1092
0.5352, 0.3833, 0.1519
0.6074, 0.5541, 0.0533
0.6865, 0.6040, 0.0825
0.7640, 0.6337, 0.1303
0.8321, 0.9115, 0.0794
0.8832, 0.6474, 0.2358
0.9110, 1.0802, 0.1692
0.9106, 0.9178, 0.0072
0.8791, 0.6881, 0.1910
0.8155, 0.8921, 0.0766
0.7208, 0.9431, 0.2223
0.5981, 0.4813, 0.1168
0.4526, 0.5862, 0.1336
0.2909, 0.3601, 0.0692
0.1208, 0.1769, 0.0561
-0.0490, 0.0076, 0.0566
-0.2100, -0.0536, 0.1564
-0.3538, -0.3665, 0.0127
-0.4730, -0.4372, 0.0358
-0.5620, -0.4759, 0.0861
-0.6166, -0.5708, 0.0458
-0.6350, -0.6724, 0.0374
-0.6176, -0.6415, 0.0239
-0.5672, -0.5430, 0.0242
-0.4887, -0.6361, 0.1474
-0.3888, -0.3091, 0.0797
-0.2756, -0.4711, 0.1955
-0.1581, 0.0098, 0.1679
-0.0456, 0.0783, 0.1239
0.0528, 0.0735, 0.0207
0.1290, 0.4746, 0.3456
0.1762, 0.3237, 0.1475
0.1896, 0.1480, 0.0416
0.1666, 0.5257, 0.3591
0.1067, 0.2292, 0.1225
0.0120, 0.1184, 0.1064
-0.1132, -0.1626, 0.0494
-0.2627, -0.0739, 0.1888
-0.4287, -0.4084, 0.0203
-0.6021, -0.4608, 0.1413
-0.7735, -0.8664, 0.0929
-0.9336, -0.9006, 0.0330
-1.0740, -1.0786, 0.0046
-1.1873, -1.1335, 0.0538
-1.2681, -1.2546, 0.0135
-1.3129, -1.3887, 0.0758
-1.3205, -1.4253, 0.1048
-1.2924, -1.1736, 0.1188
-1.2322, -1.1882, 0.0440
-1.1454, -0.8518, 0.2936
-1.0392, -0.9049, 0.1343
-0.9218, -1.1237, 0.2019
-0.8022, -0.6906, 0.1116
-0.6892, -0.6237, 0.0655
-0.5909, -0.4318, 0.1591
-0.5142, -0.2367, 0.2775
-0.4644, -0.3266, 0.1378
-0.4447, -0.5555, 0.1108
-0.4562, -0.2455, 0.2107
-0.4976, -0.5274, 0.0298
-0.5654, -0.6056, 0.0402
-0.6543, -0.6151, 0.0392
-0.7571, -0.7650, 0.0079
-0.8657, -0.9654, 0.0997
-0.9714, -0.8228, 0.1486
-1.0656, -1.3312, 0.2656
-1.1404, -1.2893, 0.1489
-1.1891, -1.4309, 0.2418
-1.2066, -1.4560, 0.2494
-1.1900, -1.3161, 0.1261
-1.1386, -1.2228, 0.0842
-1.0541, -1.0656, 0.0115
-0.9405, -0.8704, 0.0701
-0.8037, -0.7332, 0.0705
-0.6511, -0.6504, 0.0007
-0.4914, -0.3490, 0.1424
-0.3337, -0.4189, 0.0852
-0.1871, -0.1902, 0.0031
-0.0598, -0.0270, 0.0328
0.0410, 0.0501, 0.0091
0.1100, 0.1426, 0.0326
0.1440, 0.1604, 0.0164
0.1421, 0.2010, 0.0589
0.1055, 0.1333, 0.0278
0.0381, 0.1108, 0.0727
-0.0543, 0.0362, 0.0905
-0.1642, -0.1037, 0.0605
-0.2830, -0.2531, 0.0299
-0.4013, -0.3969, 0.0044
-0.5099, -0.4504, 0.0595
-0.6000, -0.6234, 0.0234
-0.6641, -0.6202, 0.0439
-0.6964, -0.6427, 0.0537
-0.6928, -0.7049, 0.0121
-0.6519, -0.7124, 0.0605
-0.5745, -0.6448, 0.0703
-0.4638, -0.5737, 0.1099
-0.3249, -0.3613, 0.0364
-0.1646, -0.3826, 0.2180
0.0089, -0.0827, 0.0916
0.1868, 0.2862, 0.0994
0.3602, 0.3320, 0.0282
0.5206, 0.5189, 0.0017
0.6607, 0.6871, 0.0264
0.7745, 0.7809, 0.0064
0.8580, 0.8828, 0.0248
0.9094, 1.0008, 0.0914
0.9288, 0.9505, 0.0217
0.9187, 0.9909, 0.0722
0.8838, 0.9099, 0.0261
0.8303, 0.9366, 0.1063
0.7656, 0.6307, 0.1349
0.6981, 0.6324, 0.0657
0.6364, 0.9702, 0.3338
0.5888, 0.6823, 0.0935
0.5630, 0.4633, 0.0997
0.5653, 0.7458, 0.1805
0.6004, 0.5114, 0.0890
0.6711, 0.7452, 0.0741
0.7784, 0.6172, 0.1612
0.9212, 1.0611, 0.1399
1.0963, 1.0593, 0.0370
1.2992, 1.1733, 0.1259
1.5241, 1.4618, 0.0623
1.7639, 1.8184, 0.0545
2.0114, 1.9396, 0.0718
2.2591, 2.3085, 0.0494
2.5000, 2.5785, 0.0785
2.7280, 2.7613, 0.0333
2.9377, 2.9304, 0.0073
3.1254, 3.1483, 0.0229
3.2887, 3.1866, 0.1021
3.4267, 3.2734, 0.1533
3.5400, 3.5713, 0.0313
3.6307, 3.6662, 0.0355
3.7019, 3.7332, 0.0313
3.7576, 3.7967, 0.0391
3.8024, 3.7918, 0.0106
3.8410, 3.9057, 0.0647
3.8782, 3.8538, 0.0244
3.9185, 3.9087, 0.0098
3.9655, 3.9205, 0.0450
4.0221, 3.9917, 0.0304
4.0902, 4.0181, 0.0721
4.1706, 4.1174, 0.0532
4.2630, 4.2015, 0.0615
4.3664, 4.3276, 0.0388
4.4787, 4.4357, 0.0430
4.5973, 4.5455, 0.0518
4.7190, 4.6613, 0.0577
4.8403, 4.8354, 0.0049
4.9582, 4.8899, 0.0683
5.0695, 5.0705, 0.0010
5.1716, 5.1861, 0.0145
5.2623, 5.2976, 0.0353
5.3403, 5.3828, 0.0425
5.4051, 5.4484, 0.0433
5.4567, 5.5001, 0.0434
5.4961, 5.5194, 0.0233
5.5248, 5.5366, 0.0118
5.5450, 5.5620, 0.0170
5.5589, 5.5446, 0.0143
5.5690, 5.5852, 0.0162
5.5781, 5.5210, 0.0571
5.5882, 5.5852, 0.0030
5.6014, 5.5892, 0.0122
5.6190, 5.6253, 0.0063
5.6419, 5.6171, 0.0248
5.6700, 5.6920, 0.0220
5.7030, 5.7184, 0.0154
5.7397, 5.7183, 0.0214
5.7786, 5.8148, 0.0362
5.8176, 5.7920, 0.0256
5.8544, 5.9124, 0.0580
5.8868, 5.9426, 0.0558
5.9125, 5.9318, 0.0193
5.9294, 5.9561, 0.0267
5.9359, 5.9687, 0.0328
5.9306, 5.9692, 0.0386
5.9130, 5.9650, 0.0520
5.8826, 5.9156, 0.0330
5.8400, 5.9387, 0.0987
5.7857, 5.9368, 0.1511
5.7208, 5.7944, 0.0736
5.6466, 5.6991, 0.0525
5.5644, 5.5333, 0.0311
5.4751, 5.4927, 0.0176
5.3796, 5.4009, 0.0213
5.2782, 5.3193, 0.0411
5.1706, 5.2101, 0.0395
5.0557, 5.0651, 0.0094
4.9320, 4.9185, 0.0135
4.7973, 4.8326, 0.0353
4.6489, 4.6832, 0.0343
4.4839, 4.4840, 0.0001
4.2992, 4.3750, 0.0758
4.0923, 4.1131, 0.0208
3.8608, 3.9030, 0.0422
3.6033, 3.6477, 0.0444
3.3195, 3.3927, 0.0732
3.0105, 3.0011, 0.0094
2.6786, 2.7463, 0.0677
2.3279, 2.3089, 0.0190
1.9638, 1.9190, 0.0448
1.5930, 1.5645, 0.0285
1.2235, 1.1593, 0.0642
0.8641, 0.8260, 0.0381
0.5241, 0.4404, 0.0837
0.2127, 0.1650, 0.0477
-0.0614, -0.0954, 0.0340
-0.2903, -0.2831, 0.0072
-0.4677, -0.5134, 0.0457
-0.5890, -0.5858, 0.0032
-0.6515, -0.6864, 0.0349
-0.6548, -0.6486, 0.0062
-0.6011, -0.6696, 0.0685
-0.4945, -0.4615, 0.0330
-0.3410, -0.5926, 0.2516
-0.1487, -0.0449, 0.1038
0.0734, -0.0006, 0.0740
0.3153, 0.7695, 0.4542
0.5669, 0.4313, 0.1356
0.8182, 1.2783, 0.4601
1.0599, 0.6661, 0.3938
1.2840, 1.8856, 0.6016
1.4839, 1.3706, 0.1133
1.6551, 2.1006, 0.4455
1.7945, 1.7484, 0.0461
1.9014, 1.9353, 0.0339
1.9766, 2.0517, 0.0751
2.0229, 1.7179, 0.3050
2.0440, 1.8569, 0.1871
2.0447, 2.0570, 0.0123
2.0303, 1.7737, 0.2566
2.0062, 2.0666, 0.0604
1.9773, 1.6090, 0.3683
1.9478, 2.1135, 0.1657
1.9207, 2.1802, 0.2595
1.8979, 1.8117, 0.0862
1.8798, 1.8349, 0.0449
1.8652, 1.6298, 0.2354
1.8519, 1.7192, 0.1327
1.8364, 1.8071, 0.0293
1.8146, 1.8262, 0.0116
1.7820, 1.7669, 0.0151
1.7341, 1.8010, 0.0669
1.6668, 1.6970, 0.0302
1.5769, 1.7561, 0.1792
1.4625, 1.6119, 0.1494
1.3231, 1.4795, 0.1564
1.1597, 1.2266, 0.0669
0.9751, 1.0136, 0.0385
0.7736, 0.8909, 0.1173
0.5612, 0.6736, 0.1124
0.3446, 0.3133, 0.0313
0.1317, 0.0605, 0.0712
-0.0698, -0.1078, 0.0380
-0.2522, -0.3345, 0.0823
-0.4085, -0.4492, 0.0407
-0.5331, -0.4957, 0.0374
-0.6219, -0.6237, 0.0018
-0.6726, -0.7581, 0.0855
-0.6853, -0.6563, 0.0290
-0.6621, -0.7222, 0.0601
-0.6072, -0.4670, 0.1402
-0.5265, -0.4853, 0.0412
-0.4274, -0.4750, 0.0476
-0.3182, -0.1106, 0.2076
-0.2079, -0.3411, 0.1332
-0.1050, 0.0240, 0.1290
-0.0176, -0.1228, 0.1052
0.0473, 0.3216, 0.2743
0.0847, 0.2257, 0.1410
0.0914, 0.1401, 0.0487
0.0662, -0.0008, 0.0670
0.0103, 0.0274, 0.0171
-0.0730, 0.0187, 0.0917
-0.1785, -0.0572, 0.1213
-0.2993, -0.2438, 0.0555
-0.4276, -0.2239, 0.2037
-0.5549, -0.6527, 0.0978
-0.6728, -0.7282, 0.0554
-0.7738, -0.8144, 0.0406
-0.8510, -0.8855, 0.0345
-0.8996, -0.8954, 0.0042
-0.9164, -0.8955, 0.0209
-0.9005, -0.9153, 0.0148
-0.8535, -0.7960, 0.0575
-0.7789, -0.7091, 0.0698
-0.6821, -0.5583, 0.1238
-0.5702, -0.6036, 0.0334
-0.4510, -0.6391, 0.1881
-0.3331, -0.3210, 0.0121
-0.2251, -0.6084, 0.3833
-0.1347, -0.2628, 0.1281
-0.0686, 0.1290, 0.1976
-0.0315, 0.0603, 0.0918
-0.0264, -0.0525, 0.0261
-0.0538, 0.1335, 0.1873
-0.1121, -0.0206, 0.0915
-0.1975, 0.0628, 0.2603
-0.3041, -0.1792, 0.1249
-0.4244, -0.5807, 0.1563
-0.5497, -0.4106, 0.1391
-0.6709, -0.6574, 0.0135
-0.7787, -0.8812, 0.1025
-0.8645, -0.7829, 0.0816
-0.9209, -1.0445, 0.1236
-0.9419, -0.7876, 0.1543
-0.9236, -0.8398, 0.0838
-0.8644, -0.7451, 0.1193
-0.7651, -0.8848, 0.1197
-0.6285, -0.5660, 0.0625
-0.4596, -0.6166, 0.1570
-0.2649, -0.3840, 0.1191
-0.0525, 0.0306, 0.0831
0.1690, 0.1296, 0.0394
0.3910, 0.3555, 0.0355
0.6048, 0.6003, 0.0045
0.8030, 0.7408, 0.0622
0.9793, 0.9839, 0.0046
1.1294, 1.1559, 0.0265
1.2504, 1.2688, 0.0184
1.3420, 1.3911, 0.0491
1.4053, 1.4413, 0.0360
1.4439, 1.4964, 0.0525
1.4626, 1.4554, 0.0072
1.4674, 1.3489, 0.1185
1.4653, 1.4804, 0.0151
1.4633, 1.0785, 0.3848
1.4685, 1.4460, 0.0225
1.4871, 1.5300, 0.0429
1.5244, 1.3756, 0.1488
1.5843, 1.5604, 0.0239
1.6690, 1.6653, 0.0037
1.7791, 1.7508, 0.0283
1.9133, 1.9183, 0.0050
2.0689, 1.9852, 0.0837
2.2417, 2.2654, 0.0237
2.4266, 2.4222, 0.0044
2.6175, 2.6641, 0.0466
2.8082, 2.8513, 0.0431
2.9926, 3.0601, 0.0675
3.1649, 3.2130, 0.0481
3.3203, 3.3534, 0.0331
3.4552, 3.4633, 0.0081
3.5669, 3.5973, 0.0304
3.6543, 3.6605, 0.0062
3.7177, 3.7477, 0.0300
3.7588, 3.7676, 0.0088
3.7803, 3.8100, 0.0297
3.7860, 3.8294, 0.0434
3.7802, 3.8109, 0.0307
3.7678, 3.8171, 0.0493
3.7532, 3.7983, 0.0451
3.7409, 3.6958, 0.0451
3.7348, 3.6805, 0.0543
3.7378, 3.5908, 0.1470
3.7517, 3.6515, 0.1002
3.7773, 3.6215, 0.1558
3.8145, 3.7455, 0.0690
3.8617, 3.6702, 0.1915
3.9170, 3.8699, 0.0471
3.9772, 4.0555, 0.0783
4.0389, 3.9716, 0.0673
4.0983, 4.0615, 0.0368
4.1520, 4.1480, 0.0040
4.1967, 4.1937, 0.0030
4.2295, 4.2570, 0.0275
4.2487, 4.2951, 0.0464
4.2532, 4.2660, 0.0128
4.2430, 4.2682, 0.0252
4.2191, 4.2503, 0.0312
4.1836, 4.1991, 0.0155
4.1396, 4.2253, 0.0857
4.0907, 4.0978, 0.0071
4.0413, 4.1064, 0.0651
3.9956, 3.9706, 0.0250
3.9583, 3.9934, 0.0351
3.9335, 3.9271, 0.0064
3.9251, 3.8030, 0.1221
3.9361, 3.9060, 0.0301
3.9685, 3.8753, 0.0932
4.0235, 4.0151, 0.0084
4.1009, 4.0702, 0.0307
4.1997, 4.1156, 0.0841
4.3179, 4.2469, 0.0710
4.4525, 4.4188, 0.0337
4.5999, 4.5719, 0.0280
4.7560, 4.7033, 0.0527
4.9163, 4.8869, 0.0294
5.0765, 5.0879, 0.0114
5.2324, 5.2447, 0.0123
5.3802, 5.3542, 0.0260
5.5166, 5.5288, 0.0122
5.6392, 5.6578, 0.0186
5.7462, 5.7527, 0.0065
5.8368, 5.7360, 0.1008
5.9107, 5.9115, 0.0008
5.9687, 5.9949, 0.0262
6.0118, 6.0139, 0.0021
6.0416, 6.0231, 0.0185
6.0598, 6.0642, 0.0044
6.0683, 6.0884, 0.0201
6.0688, 6.0767, 0.0079
6.0625, 6.0092, 0.0533
6.0505, 6.0701, 0.0196
6.0331, 5.8647, 0.1684
6.0103, 6.0663, 0.0560
5.9814, 6.1324, 0.1510
5.9456, 6.0611, 0.1155
5.9015, 6.0334, 0.1319
5.8477, 5.8081, 0.0396
5.7828, 5.9225, 0.1397
5.7058, 5.6302, 0.0756
5.6158, 5.7232, 0.1074
5.5130, 5.3705, 0.1425
5.3979, 5.4849, 0.0870
5.2717, 5.3408, 0.0691
5.1367, 5.1601, 0.0234
4.9957, 5.0013, 0.0056
4.8523, 4.8625, 0.0102
4.7103, 4.6965, 0.0138
4.5741, 4.6034, 0.0293
4.4475, 4.4042, 0.0433
4.3346, 4.3890, 0.0544
4.2383, 4.1480, 0.0903
4.1611, 4.1700, 0.0089
4.1043, 4.0579, 0.0464
4.0680, 4.0762, 0.0082
4.0511, 4.0016, 0.0495
4.0511, 4.0659, 0.0148
4.0646, 4.0697, 0.0051
4.0872, 4.1514, 0.0642
4.1135, 4.1623, 0.0488
4.1382, 4.2690, 0.1308
4.1556, 4.3133, 0.1577
4.1606, 4.1959, 0.0353
4.1486, 4.2643, 0.1157
4.1161, 4.2548, 0.1387
4.0609, 4.2251, 0.1642
3.9824, 4.1024, 0.1200
3.8812, 3.9068, 0.0256
3.7597, 3.8069, 0.0472
3.6219, 3.6345, 0.0126
3.4727, 3.5599, 0.0872
3.3182, 3.3123, 0.0059
3.1652, 3.1585, 0.0067
3.0207, 3.0616, 0.0409
2.8914, 2.8852, 0.0062
2.7834, 2.8309, 0.0475
2.7020, 2.6872, 0.0148
2.6510, 2.5222, 0.1288
2.6328, 2.6066, 0.0262
2.6480, 2.5879, 0.0601
2.6953, 2.6782, 0.0171
2.7718, 3.0400, 0.2682
2.8733, 2.8357, 0.0376
2.9942, 3.0123, 0.0181
3.1278, 3.0702, 0.0576
3.2670, 3.3733, 0.1063
3.4048, 3.3330, 0.0718
3.5343, 3.4485, 0.0858
3.6492, 3.5727, 0.0765
3.7445, 3.8794, 0.1349
3.8166, 3.8570, 0.0404
3.8631, 3.7202, 0.1429
3.8832, 3.7710, 0.1122
3.8777, 3.8752, 0.0025
3.8492, 3.8678, 0.0186
3.8008, 3.7081, 0.0927
3.7372, 3.7827, 0.0455
3.6634, 3.6539, 0.0095
3.5845, 3.6551, 0.0706
3.5054, 3.4653, 0.0401
3.4307, 3.6017, 0.1710
3.3635, 3.4811, 0.1176
3.3064, 3.1757, 0.1307
3.2602, 3.3650, 0.1048
3.2245, 3.1069, 0.1176
3.1974, 3.2408, 0.0434
3.1761, 3.3014, 0.1253
3.1567, 3.2783, 0.1216
3.1344, 3.2213, 0.0869
3.1046, 3.1496, 0.0450
3.0625, 3.1404, 0.0779
3.0040, 3.0734, 0.0694
2.9258, 3.1208, 0.1950
2.8258, 2.9842, 0.1584
2.7035, 2.7690, 0.0655
2.5598, 2.5670, 0.0072
2.3970, 2.4349, 0.0379
2.2194, 2.2389, 0.0195
2.0322, 2.0430, 0.0108
1.8417, 1.8369, 0.0048
1.6548, 1.6311, 0.0237
1.4788, 1.4497, 0.0291
1.3203, 1.3001, 0.0202
1.1856, 1.1351, 0.0505
1.0795, 1.0453, 0.0342
1.0056, 0.9373, 0.0683
0.9654, 0.9177, 0.0477
0.9587, 0.9801, 0.0214
0.9834, 0.9794, 0.0040
1.0353, 1.1515, 0.1162
1.1091, 1.0982, 0.0109
1.1978, 1.1512, 0.0466
1.2939, 1.2787, 0.0152
1.3896, 1.2583, 0.1313
1.4769, 1.4634, 0.0135
1.5487, 1.2980, 0.2507
1.5991, 1.5958, 0.0033
1.6237, 1.7509, 0.1272
1.6195, 1.6338, 0.0143
1.5859, 1.5533, 0.0326
1.5242, 1.5623, 0.0381
1.4376, 1.4286, 0.0090
1.3309, 1.3967, 0.0658
1.2104, 1.2884, 0.0780
1.0836, 1.1560, 0.0724
0.9583, 0.9975, 0.0392
0.8424, 0.8106, 0.0318
0.7436, 0.7531, 0.0095
0.6683, 0.7250, 0.0567
0.6220, 0.6232, 0.0012
0.6084, 0.5101, 0.0983
0.6293, 0.6376, 0.0083
0.6848, 0.7045, 0.0197
0.7728, 0.8143, 0.0415
0.8897, 0.9203, 0.0306
1.0306, 0.7957, 0.2349
1.1893, 1.2082, 0.0189
1.3588, 1.1372, 0.2216
1.5323, 1.5227, 0.0096
1.7027, 1.6203, 0.0824
1.8637, 1.8323, 0.0314
2.0098, 2.0781, 0.0683
2.1371, 2.0930, 0.0441
2.2428, 2.2924, 0.0496
2.3257, 2.2662, 0.0595
2.3860, 2.3121, 0.0739
2.4254, 2.4539, 0.0285
2.4469, 2.4552, 0.0083
2.4543, 2.4557, 0.0014
2.4518, 2.4580, 0.0062
2.4439, 2.4693, 0.0254
2.4350, 2.4512, 0.0162
2.4289, 2.5014, 0.0725
2.4287, 2.4183, 0.0104
2.4363, 2.5470, 0.1107
2.4526, 2.4150, 0.0376
2.4770, 2.3428, 0.1342
2.5078, 2.4697, 0.0381
2.5425, 2.4728, 0.0697
2.5775, 2.6088, 0.0313
2.6086, 2.6330, 0.0244
2.6319, 2.6175, 0.0144
2.6430, 2.6521, 0.0091
2.6384, 2.6894, 0.0510
2.6151, 2.6547, 0.0396
2.5715, 2.5980, 0.0265
2.5070, 2.6478, 0.1408
2.4226, 2.5343, 0.1117
2.3204, 2.4473, 0.1269
2.2040, 2.2101, 0.0061
2.0781, 2.0808, 0.0027
1.9484, 1.9279, 0.0205
1.8209, 1.8259, 0.0050
1.7020, 1.6759, 0.0261
1.5979, 1.5379, 0.0600
1.5141, 1.4772, 0.0369
1.4552, 1.5022, 0.0470
1.4247, 1.4499, 0.0252
1.4245, 1.4050, 0.0195
1.4548, 1.3887, 0.0661
1.5143, 1.4607, 0.0536
1.6001, 1.6185, 0.0184
1.7079, 1.5537, 0.1542
1.8323, 1.8004, 0.0319
1.9670, 1.8193, 0.1477
2.1056, 1.8597, 0.2459
2.2414, 2.2990, 0.0576
2.3683, 2.3692, 0.0009
2.4809, 2.6009, 0.1200
2.5749, 2.5547, 0.0202
2.6473, 2.6230, 0.0243
2.6965, 2.6709, 0.0256
2.7226, 2.6884, 0.0342
2.7268, 2.6804, 0.0464
2.7121, 2.6948, 0.0173
2.6823, 2.7320, 0.0497
2.6421, 2.5960, 0.0461
2.5966, 2.4893, 0.1073
2.5510, 2.5730, 0.0220
2.5102, 2.3077, 0.2025
2.4784, 2.4337, 0.0447
2.4589, 2.4337, 0.0252
2.4540, 2.3813, 0.0727
2.4643, 2.3800, 0.0843
2.4894, 2.6058, 0.1164
2.5273, 2.4878, 0.0395
2.5751, 2.5511, 0.0240
2.6287, 2.5942, 0.0345
2.6835, 2.7661, 0.0826
2.7345, 2.8237, 0.0892
2.7767, 2.8139, 0.0372
2.8055, 2.8189, 0.0134
2.8170, 2.8556, 0.0386
2.8083, 2.8606, 0.0523
2.7776, 2.8465, 0.0689
2.7246, 2.7971, 0.0725
2.6501, 2.8085, 0.1584
2.5562, 2.7037, 0.1475
2.4466, 2.6391, 0.1925
2.3255, 2.4614, 0.1359
2.1978, 2.2566, 0.0588
2.0689, 2.0655, 0.0034
1.9439, 1.9657, 0.0218
1.8273, 1.8719, 0.0446
1.7231, 1.7643, 0.0412
1.6339, 1.6033, 0.0306
1.5610, 1.6333, 0.0723
1.5043, 1.4664, 0.0379
1.4620, 1.4988, 0.0368
1.4308, 1.5215, 0.0907
1.4067, 1.5330, 0.1263
1.3842, 1.4556, 0.0714
1.3577, 1.4296, 0.0719
1.3212, 1.4486, 0.1274
1.2691, 1.4510, 0.1819
1.1968, 1.2340, 0.0372
1.1005, 1.2713, 0.1708
0.9783, 1.0775, 0.0992
0.8299, 0.9518, 0.1219
0.6568, 0.6719, 0.0151
0.4627, 0.5439, 0.0812
0.2528, 0.2573, 0.0045
0.0338, 0.1296, 0.0958
-0.1862, -0.0895, 0.0967
-0.3985, -0.4258, 0.0273
-0.5943, -0.6462, 0.0519
-0.7651, -0.7876, 0.0225
-0.9037, -0.8889, 0.0148
-1.0037, -1.0285, 0.0248
-1.0609, -1.0501, 0.0108
-1.0733, -1.1067, 0.0334
-1.0412, -1.0496, 0.0084
-0.9670, -0.8539, 0.1131
-0.8557, -0.9154, 0.0597
-0.7139, -0.4513, 0.2626
-0.5500, -0.5081, 0.0419
-0.3733, -0.6251, 0.2518
-0.1936, 0.0153, 0.2089
-0.0207, -0.0791, 0.0584
0.1367, 0.6336, 0.4969
0.2708, 0.4488, 0.1780
0.3756, 0.1951, 0.1805
0.4474, 0.6273, 0.1799
0.4846, 0.4601, 0.0245
0.4880, 0.6596, 0.1716
0.4610, 0.5339, 0.0729
0.4086, 0.3345, 0.0741
0.3381, 0.1659, 0.1722
0.2576, 0.2017, 0.0559
0.1762, -0.0057, 0.1819
0.1033, 0.1832, 0.0799
0.0479, -0.0338, 0.0817
0.0179, -0.0141, 0.0320
0.0200, -0.0817, 0.1017
0.0592, 0.0846, 0.0254
0.1384, 0.1803, 0.0419
0.2584, 0.3729, 0.1145
0.4178, 0.3921, 0.0257
0.6135, 0.6394, 0.0259
0.8402, 0.8435, 0.0033
1.0917, 1.0304, 0.0613
1.3604, 1.3655, 0.0051
1.6384, 1.5453, 0.0931
1.9178, 1.9241, 0.0063
2.1907, 2.1811, 0.0096
2.4505, 2.4838, 0.0333
2.6914, 2.6862, 0.0052
2.9090, 2.8973, 0.0117
3.1005, 3.0932, 0.0073
3.2647, 3.2932, 0.0285
3.4019, 3.3933, 0.0086
3.5139, 3.5454, 0.0315
3.6039, 3.5950, 0.0089
3.6759, 3.7122, 0.0363
3.7346, 3.7271, 0.0075
3.7849, 3.7495, 0.0354
3.8319, 3.8275, 0.0044
3.8802, 3.8521, 0.0281
3.9338, 3.9342, 0.0004
3.9958, 3.9640, 0.0318
4.0684, 4.0741, 0.0057
4.1526, 4.0996, 0.0530
4.2483, 4.2587, 0.0104
4.3545, 4.3224, 0.0321
4.4691, 4.4831, 0.0140
4.5895, 4.5454, 0.0441
4.7125, 4.7284, 0.0159
4.8345, 4.8447, 0.0102
4.9523, 4.9678, 0.0155
5.0627, 5.0785, 0.0158
5.1629, 5.1766, 0.0137
5.2510, 5.2697, 0.0187
5.3257, 5.3283, 0.0026
5.3864, 5.4069, 0.0205
5.4337, 5.4286, 0.0051
5.4687, 5.4790, 0.0103
5.4934, 5.5086, 0.0152
5.5103, 5.5106, 0.0003
5.5222, 5.5099, 0.0123
5.5319, 5.5292, 0.0027
5.5425, 5.4833, 0.0592
5.5565, 5.5664, 0.0099
5.5760, 5.5697, 0.0063
5.6026, 5.6000, 0.0026
5.6367, 5.6256, 0.0111
5.6786, 5.6874, 0.0088
5.7273, 5.7122, 0.0151
5.7814, 5.8082, 0.0268
5.8385, 5.8218, 0.0167
5.8961, 5.8799, 0.0162
5.9512, 5.9523, 0.0011
6.0005, 5.9817, 0.0188
6.0410, 6.0538, 0.0128
6.0698, 6.0828, 0.0130
6.0845, 6.1019, 0.0174
6.0832, 6.1181, 0.0349
6.0646, 6.1063, 0.0417
6.0279, 6.1043, 0.0764
5.9731, 6.0902, 0.1171
5.9008, 5.9795, 0.0787
5.8119, 5.7833, 0.0286
5.7079, 5.7440, 0.0361
5.5903, 5.4942, 0.0961
5.4606, 5.5809, 0.1203
5.3200, 5.3708, 0.0508
5.1695, 5.1613, 0.0082
5.0096, 5.0241, 0.0145
4.8400, 4.8271, 0.0129
4.6598, 4.6460, 0.0138
4.4676, 4.4528, 0.0148
4.2615, 4.2569, 0.0046
4.0389, 4.0280, 0.0109
3.7974, 3.7787, 0.0187
3.5342, 3.5348, 0.0006
3.2470, 3.2139, 0.0331
2.9338, 2.9417, 0.0079
2.5935, 2.5504, 0.0431
2.2257, 2.2388, 0.0131
1.8313, 1.8626, 0.0313
1.4121, 1.4311, 0.0190
0.9712, 1.0188, 0.0476
0.5128, 0.4904, 0.0224
0.0420, 0.0484, 0.0064
-0.4354, -0.4645, 0.0291
-0.9132, -0.9765, 0.0633
-1.3848, -1.4203, 0.0355
-1.8440, -1.8997, 0.0557
-2.2853, -2.2849, 0.0004
-2.7038, -2.6618, 0.0420
-3.0960, -3.0938, 0.0022
-3.4596, -3.3754, 0.0842
-3.7938, -3.7459, 0.0479
-4.0994, -4.0856, 0.0138
-4.3783, -4.2667, 0.1116
-4.6340, -4.5075, 0.1265
-4.8706, -4.6785, 0.1921
-5.0927, -4.9151, 0.1776
-5.3053, -5.3141, 0.0088
-5.5129, -5.4264, 0.0865
-5.7198, -5.7188, 0.0010
-5.9290, -6.3680, 0.4390
-6.1423, -6.1352, 0.0071
-6.3600, -6.2544, 0.1056
-6.5809, -6.5730, 0.0079
-6.8023, -6.7887, 0.0136
-7.0202, -7.0176, 0.0026
-7.2291, -7.2289, 0.0002
-7.4231, -7.4305, 0.0074
-7.5957, -7.6167, 0.0210
-7.7403, -7.7608, 0.0205
-7.8510, -7.8973, 0.0463
-7.9227, -7.9555, 0.0328
-7.9518, -8.0208, 0.0690
-7.9360, -7.9791, 0.0431
-7.8749, -7.9771, 0.1022
-7.7702, -7.8808, 0.1106
-7.6250, -7.7913, 0.1663
-7.4444, -7.7781, 0.3337
-7.2347, -7.6638, 0.4291
-7.0030, -7.1927, 0.1897
-6.7573, -6.6725, 0.0848
-6.5053, -6.8004, 0.2951
-6.2543, -6.3848, 0.1305
-6.0107, -5.9526, 0.0581
-5.7796, -5.9316, 0.1520
-5.5645, -5.5591, 0.0054
-5.3672, -5.1324, 0.2348
-5.1875, -5.1847, 0.0028
-5.0231, -5.0100, 0.0131
-4.8704, -4.8828, 0.0124
-4.7243, -4.7348, 0.0105
-4.5786, -4.6530, 0.0744
-4.4263, -4.4788, 0.0525
-4.2607, -4.3759, 0.1152
-4.0752, -4.1861, 0.1109
-3.8643, -4.0233, 0.1590
-3.6236, -3.8651, 0.2415
-3.3503, -3.5587, 0.2084
-3.0433, -3.3081, 0.2648
-2.7037, -2.7201, 0.0164
-2.3343, -2.3648, 0.0305
-1.9399, -1.9486, 0.0087
-1.5267, -1.7643, 0.2376
-1.1022, -1.0980, 0.0042
-0.6744, -0.9140, 0.2396
-0.2522, -0.2334, 0.0188
0.1562, -0.0240, 0.1802
0.5429, 0.5748, 0.0319
0.9011, 0.9709, 0.0698
1.2253, 1.2665, 0.0412
1.5118, 1.5363, 0.0245
1.7584, 1.8021, 0.0437
1.9649, 1.9855, 0.0206
2.1329, 2.0725, 0.0604
2.2656, 2.2758, 0.0102
2.3676, 2.3201, 0.0475
2.4446, 2.3662, 0.0784
2.5030, 2.4810, 0.0220
2.5494, 2.5652, 0.0158
2.5903, 2.6415, 0.0512
2.6316, 2.6406, 0.0090
2.6786, 2.7492, 0.0706
2.7353, 2.7280, 0.0073
2.8044, 2.8578, 0.0534
2.8871, 2.8567, 0.0304
2.9834, 3.0537, 0.0703
3.0916, 3.0356, 0.0560
3.2091, 3.2223, 0.0132
3.3324, 3.2535, 0.0789
3.4572, 3.4534, 0.0038
3.5789, 3.6137, 0.0348
3.6929, 3.6631, 0.0298
3.7948, 3.8202, 0.0254
3.8806, 3.8168, 0.0638
3.9475, 3.9826, 0.0351
3.9933, 4.0252, 0.0319
4.0166, 4.0646, 0.0480
4.0172, 4.0624, 0.0452
3.9959, 4.0409, 0.0450
3.9543, 4.0309, 0.0766
3.8948, 4.0279, 0.1331
3.8197, 4.0255, 0.2058
3.7320, 3.9877, 0.2557
3.6343, 3.7373, 0.1030
3.5290, 3.6960, 0.1670
3.4180, 3.3227, 0.0953
3.3024, 3.3997, 0.0973
3.1828, 3.1256, 0.0572
3.0586, 3.0888, 0.0302
2.9288, 2.9777, 0.0489
2.7915, 2.8665, 0.0750
2.6448, 2.7397, 0.0949
2.4864, 2.5402, 0.0538
2.3140, 2.3959, 0.0819
2.1258, 2.3137, 0.1879
1.9207, 1.9839, 0.0632
1.6983, 1.7695, 0.0712
1.4596, 1.4479, 0.0117
1.2066, 1.1997, 0.0069
0.9426, 0.9421, 0.0005
0.6720, 0.6837, 0.0117
0.4003, 0.3903, 0.0100
0.1341, 0.1377, 0.0036
-0.1199, -0.1501, 0.0302
-0.3546, -0.3615, 0.0069
-0.5632, -0.6066, 0.0434
-0.7393, -0.7591, 0.0198
-0.8780, -0.9360, 0.0580
-0.9754, -1.0111, 0.0357
-1.0297, -1.1349, 0.1052
-1.0407, -1.0946, 0.0539
-1.0102, -0.9999, 0.0103
-0.9422, -0.8908, 0.0514
-0.8422, -0.8046, 0.0376
-0.7173, -0.5282, 0.1891
-0.5757, -0.4977, 0.0780
-0.4261, -0.8163, 0.3902
-0.2776, -0.2337, 0.0439
-0.1388, 0.2599, 0.3987
-0.0175, 0.0815, 0.0990
0.0800, 0.1519, 0.0719
0.1490, 0.3652, 0.2162
0.1868, 0.2064, 0.0196
0.1927, 0.2982, 0.1055
0.1681, 0.0233, 0.1448
0.1164, -0.0400, 0.1564
0.0431, 0.1529, 0.1098
-0.0456, -0.0109, 0.0347
-0.1420, -0.1915, 0.0495
-0.2383, -0.2958, 0.0575
-0.3267, -0.3896, 0.0629
-0.4000, -0.5201, 0.1201
-0.4523, -0.5128, 0.0605
-0.4791, -0.5052, 0.0261
-0.4776, -0.5153, 0.0377
-0.4473, -0.5825, 0.1352
-0.3893, -0.4706, 0.0813
-0.3070, -0.4431, 0.1361
-0.2052, -0.1319, 0.0733
-0.0899, 0.0442, 0.1341
0.0318, -0.0148, 0.0466
0.1525, 0.2094, 0.0569
0.2648, 0.3030, 0.0382
0.3623, 0.3867, 0.0244
0.4394, 0.4778, 0.0384
0.4920, 0.5619, 0.0699
0.5178, 0.5680, 0.0502
0.5164, 0.5435, 0.0271
0.4891, 0.5070, 0.0179
0.4393, 0.4907, 0.0514
0.3720, 0.3782, 0.0062
0.2931, 0.4014, 0.1083
0.2097, 0.2035, 0.0062
0.1290, 0.0851, 0.0439
0.0582, 0.1084, 0.0502
0.0036, -0.0486, 0.0522
-0.0294, -0.1093, 0.0799
-0.0369, -0.0629, 0.0260
-0.0170, -0.0544, 0.0374
0.0306, -0.0205, 0.0511
0.1038, 0.0596, 0.0442
0.1992, 0.1689, 0.0303
0.3114, 0.3145, 0.0031
0.4340, 0.3998, 0.0342
0.5597, 0.5590, 0.0007
0.6812, 0.6852, 0.0040
0.7912, 0.7918, 0.0006
0.8830, 0.9249, 0.0419
0.9515, 0.9711, 0.0196
0.9932, 1.0242, 0.0310
1.0062, 1.0879, 0.0817
0.9909, 1.0502, 0.0593
0.9494, 0.9765, 0.0271
0.8861, 0.7456, 0.1405
0.8069, 0.8580, 0.0511
0.7190, 0.8149, 0.0959
0.6307, 0.6529, 0.0222
0.5504, 0.5884, 0.0380
0.4864, 0.4573, 0.0291
0.4463, 0.4591, 0.0128
0.4365, 0.4160, 0.0205
0.4618, 0.3986, 0.0632
0.5250, 0.3506, 0.1744
0.6270, 0.5112, 0.1158
0.7661, 0.7037, 0.0624
0.9390, 0.9253, 0.0137
1.1404, 0.9800, 0.1604
1.3633, 1.4450, 0.0817
1.6000, 1.5030, 0.0970
1.8418, 1.8691, 0.0273
2.0801, 2.0633, 0.0168
2.3069, 2.3457, 0.0388
2.5148, 2.4812, 0.0336
2.6980, 2.7499, 0.0519
2.8522, 2.8265, 0.0257
2.9748, 3.0037, 0.0289
3.0653, 3.1246, 0.0593
3.1250, 3.1765, 0.0515
3.1572, 3.1844, 0.0272
3.1664, 3.2203, 0.0539
3.1583, 3.1811, 0.0228
3.1393, 3.1618, 0.0225
3.1162, 3.1451, 0.0289
3.0956, 3.2360, 0.1404
3.0834, 3.1132, 0.0298
3.0846, 3.1396, 0.0550
3.1028, 3.1088, 0.0060
3.1402, 3.1992, 0.0590
3.1974, 2.9236, 0.2738
3.2733, 3.2460, 0.0273
3.3657, 3.2840, 0.0817
3.4708, 3.4456, 0.0252
3.5839, 3.6282, 0.0443
3.7001, 3.6668, 0.0333
3.8138, 3.8748, 0.0610
3.9199, 3.8762, 0.0437
4.0138, 3.9539, 0.0599
4.0917, 4.0454, 0.0463
4.1510, 4.2326, 0.0816
4.1904, 4.1316, 0.0588
4.2099, 4.2362, 0.0263
4.2110, 4.2547, 0.0437
4.1964, 4.0644, 0.1320
4.1700, 4.2133, 0.0433
4.1363, 4.2076, 0.0713
4.1006, 4.2091, 0.1085
4.0683, 4.1954, 0.1271
4.0447, 3.9986, 0.0461
4.0347, 3.9960, 0.0387
4.0424, 3.8252, 0.2172
4.0711, 4.2247, 0.1536
4.1228, 4.2365, 0.1137
4.1985, 3.9838, 0.2147
4.2978, 4.1047, 0.1931
4.4193, 4.3601, 0.0592
4.5606, 4.5672, 0.0066
4.7183, 4.7078, 0.0105
4.8885, 4.9131, 0.0246
5.0668, 5.0960, 0.0292
5.2488, 5.2690, 0.0202
5.4299, 5.3537, 0.0762
5.6063, 5.6645, 0.0582
5.7741, 5.8172, 0.0431
5.9305, 5.8593, 0.0712
6.0732, 6.0490, 0.0242
6.2008, 6.1747, 0.0261
6.3125, 6.2866, 0.0259
6.4084, 6.3790, 0.0294
6.4892, 6.4877, 0.0015
6.5561, 6.5619, 0.0058
6.6106, 6.6096, 0.0010
6.6548, 6.6626, 0.0078
6.6906, 6.6899, 0.0007
6.7198, 6.7206, 0.0008
6.7444, 6.7444, 0.0000
6.7657, 6.7816, 0.0159
6.7850, 6.7863, 0.0013
6.8030, 6.8336, 0.0306
6.8202, 6.8235, 0.0033
6.8366, 6.8817, 0.0451
6.8520, 6.8582, 0.0062
6.8657, 6.9201, 0.0544
6.8772, 6.8867, 0.0095
6.8857, 6.8877, 0.0020
6.8904, 6.9026, 0.0122
6.8906, 6.8946, 0.0040
6.8858, 6.8943, 0.0085
6.8756, 6.8865, 0.0109
6.8599, 6.8870, 0.0271
6.8391, 6.8644, 0.0253
6.8135, 6.8685, 0.0550
6.7837, 6.8260, 0.0423
6.7506, 6.7967, 0.0461
6.7151, 6.7123, 0.0028
6.6784, 6.6639, 0.0145
6.6413, 6.6630, 0.0217
6.6047, 6.5790, 0.0257
6.5693, 6.5728, 0.0035
6.5355, 6.5228, 0.0127
6.5035, 6.5208, 0.0173
6.4732, 6.4744, 0.0012
6.4440, 6.4598, 0.0158
6.4155, 6.4105, 0.0050
6.3868, 6.3812, 0.0056
6.3569, 6.3601, 0.0032
6.3247, 6.3390, 0.0143
6.2893, 6.3057, 0.0164
6.2500, 6.2793, 0.0293
6.2060, 6.2390, 0.0330
6.1571, 6.1862, 0.0291
6.1033, 6.1359, 0.0326
6.0450, 6.0459, 0.0009
5.9832, 5.9841, 0.0009
5.9189, 5.9180, 0.0009
5.8537, 5.8504, 0.0033
5.7894, 5.8213, 0.0319
5.7280, 5.7494, 0.0214
5.6714, 5.6648, 0.0066
5.6216, 5.6069, 0.0147
5.5802, 5.5712, 0.0090
5.5487, 5.5375, 0.0112
5.5280, 5.5259, 0.0021
5.5187, 5.5055, 0.0132
5.5206, 5.5168, 0.0038
5.5331, 5.5280, 0.0051
5.5550, 5.5526, 0.0024
5.5845, 5.5720, 0.0125
5.6197, 5.6345, 0.0148
5.6581, 5.6417, 0.0164
5.6972, 5.7597, 0.0625
5.7341, 5.7262, 0.0079
5.7665, 5.7587, 0.0078
5.7920, 5.8132, 0.0212
5.8085, 5.7672, 0.0413
5.8145, 5.8912, 0.0767
5.8088, 5.8103, 0.0015
5.7908, 5.7472, 0.0436
5.7603, 5.6966, 0.0637
5.7176, 5.7048, 0.0128
5.6632, 5.6946, 0.0314
5.5980, 5.6365, 0.0385
5.5229, 5.5595, 0.0366
5.4387, 5.5304, 0.0917
5.3461, 5.3938, 0.0477
5.2454, 5.3060, 0.0606
5.1364, 5.1550, 0.0186
5.0184, 5.0255, 0.0071
4.8903, 4.9312, 0.0409
4.7503, 4.7604, 0.0101
4.5962, 4.5957, 0.0005
4.4256, 4.4375, 0.0119
4.2358, 4.2477, 0.0119
4.0244, 4.0350, 0.0106
3.7892, 3.8189, 0.0297
3.5284, 3.5348, 0.0064
3.2414, 3.2936, 0.0522
2.9284, 2.9283, 0.0001
2.5913, 2.5772, 0.0141
2.2326, 2.2255, 0.0071
1.8566, 1.8339, 0.0227
1.4688, 1.4570, 0.0118
1.0760, 1.0448, 0.0312
0.6856, 0.6727, 0.0129
0.3059, 0.3379, 0.0320
-0.0546, -0.0643, 0.0097
-0.3876, -0.3395, 0.0481
-0.6855, -0.6855, 0.0000
-0.9413, -0.8741, 0.0672
-1.1498, -1.1350, 0.0148
-1.3072, -1.2879, 0.0193
-1.4117, -1.3761, 0.0356
-1.4636, -1.4278, 0.0358
-1.4648, -1.4039, 0.0609
-1.4197, -1.3200, 0.0997
-1.3338, -1.4103, 0.0765
-1.2141, -0.9847, 0.2294
-1.0687, -1.2077, 0.1390
-0.9061, -1.0224, 0.1163
-0.7347, -1.0376, 0.3029
-0.5624, -0.8501, 0.2877
-0.3963, -0.1998, 0.1965
-0.2423, -0.2659, 0.0236
-0.1046, 0.0700, 0.1746
0.0142, -0.2247, 0.2389
0.1134, 0.0740, 0.0394
0.1939, 0.2830, 0.0891
0.2585, 0.0838, 0.1747
0.3110, 0.2239, 0.0871
0.3564, 0.2892, 0.0672
0.4003, 0.2300, 0.1703
0.4486, 0.1250, 0.3236
0.5066, 0.4385, 0.0681
0.5794, 0.5226, 0.0568
0.6709, 0.5283, 0.1426
0.7839, 0.6647, 0.1192
0.9195, 0.8154, 0.1041
1.0774, 0.9381, 0.1393
1.2558, 1.2457, 0.0101
1.4515, 1.4329, 0.0186
1.6600, 1.6551, 0.0049
1.8759, 1.7704, 0.1055
2.0932, 2.0043, 0.0889
2.3057, 2.1370, 0.1687
2.5072, 2.5210, 0.0138
2.6925, 2.7076, 0.0151
2.8567, 2.8791, 0.0224
2.9964, 3.0262, 0.0298
3.1092, 3.1363, 0.0271
3.1942, 3.2398, 0.0456
3.2520, 3.2983, 0.0463
3.2844, 3.2991, 0.0147
3.2947, 3.3346, 0.0399
3.2866, 3.3180, 0.0314
3.2652, 3.2718, 0.0066
3.2354, 3.3100, 0.0746
3.2026, 3.2392, 0.0366
3.1717, 3.3270, 0.1553
3.1473, 3.2369, 0.0896
3.1333, 3.2330, 0.0997
3.1326, 3.2844, 0.1518
3.1472, 3.0676, 0.0796
3.1779, 3.1264, 0.0515
3.2249, 3.0808, 0.1441
3.2872, 3.1013, 0.1859
3.3631, 3.3723, 0.0092
3.4505, 3.4535, 0.0030
3.5470, 3.5097, 0.0373
3.6497, 3.6134, 0.0363
3.7560, 3.6672, 0.0888
3.8636, 3.8877, 0.0241
3.9703, 3.9803, 0.0100
4.0744, 4.0619, 0.0125
4.1747, 4.0812, 0.0935
4.2707, 4.2860, 0.0153
4.3621, 4.3432, 0.0189
4.4491, 4.4389, 0.0102
4.5320, 4.5156, 0.0164
4.6113, 4.5729, 0.0384
4.6877, 4.6607, 0.0270
4.7615, 4.7213, 0.0402
4.8329, 4.7967, 0.0362
4.9017, 4.8611, 0.0406
4.9671, 4.9351, 0.0320
5.0281, 5.0752, 0.0471
5.0828, 5.1397, 0.0569
5.1293, 5.2123, 0.0830
5.1651, 5.2598, 0.0947
5.1878, 5.2006, 0.0128
5.1946, 5.2226, 0.0280
5.1832, 5.2012, 0.0180
5.1514, 5.2009, 0.0495
5.0978, 5.1537, 0.0559
5.0215, 5.2091, 0.1876
4.9225, 5.0335, 0.1110
4.8016, 5.1127, 0.3111
4.6608, 4.8331, 0.1723
4.5028, 4.7155, 0.2127
4.3314, 4.4853, 0.1539
4.1511, 4.1542, 0.0031
3.9670, 3.9979, 0.0309
3.7844, 3.8399, 0.0555
3.6088, 3.6360, 0.0272
3.4456, 3.3686, 0.0770
3.2996, 3.3139, 0.0143
3.1750, 3.1071, 0.0679
3.0749, 2.9365, 0.1384
3.0014, 2.9159, 0.0855
2.9554, 2.8713, 0.0841
2.9364, 2.8226, 0.1138
2.9426, 2.9567, 0.0141
2.9713, 2.8989, 0.0724
3.0188, 3.0882, 0.0694
3.0807, 3.1324, 0.0517
3.1521, 3.0403, 0.1118
3.2282, 3.2972, 0.0690
3.3041, 3.3059, 0.0018
3.3757, 3.4927, 0.1170
3.4395, 3.4097, 0.0298
3.4930, 3.4073, 0.0857
3.5349, 3.5618, 0.0269
3.5649, 3.5148, 0.0501
3.5840, 3.6808, 0.0968
3.5942, 3.6232, 0.0290
3.5985, 3.4593, 0.1392
3.6005, 3.5386, 0.0619
3.6042, 3.5742, 0.0300
3.6137, 3.4978, 0.1159
3.6329, 3.4489, 0.1840
3.6655, 3.4127, 0.2528
3.7142, 3.5671, 0.1471
3.7808, 3.7202, 0.0606
3.8662, 3.8367, 0.0295
3.9701, 3.9278, 0.0423
4.0911, 4.0457, 0.0454
4.2266, 4.1751, 0.0515
4.3734, 4.3209, 0.0525
4.5275, 4.5145, 0.0130
4.6845, 4.6320, 0.0525
4.8397, 4.7951, 0.0446
4.9887, 5.0029, 0.0142
5.1272, 5.0857, 0.0415
5.2518, 5.2712, 0.0194
5.3596, 5.3805, 0.0209
5.4488, 5.4300, 0.0188
5.5186, 5.5483, 0.0297
5.5690, 5.5534, 0.0156
5.6012, 5.6361, 0.0349
5.6169, 5.6446, 0.0277
5.6190, 5.6452, 0.0262
5.6104, 5.6271, 0.0167
5.5943, 5.6033, 0.0090
5.5742, 5.6132, 0.0390
5.5532, 5.5586, 0.0054
5.5342, 5.5999, 0.0657
5.5192, 5.5742, 0.0550
5.5098, 5.5067, 0.0031
5.5067, 5.6404, 0.1337
5.5099, 5.4938, 0.0161
5.5187, 5.5667, 0.0480
5.5318, 5.4729, 0.0589
5.5473, 5.4883, 0.0590
5.5632, 5.6646, 0.1014
5.5772, 5.7066, 0.1294
5.5871, 5.6612, 0.0741
5.5912, 5.6532, 0.0620
5.5881, 5.5973, 0.0092
5.5771, 5.6360, 0.0589
5.5582, 5.5661, 0.0079
5.5322, 5.5393, 0.0071
5.5005, 5.5617, 0.0612
5.4656, 5.4798, 0.0142
5.4302, 5.4481, 0.0179
5.3978, 5.3928, 0.0050
5.3722, 5.3540, 0.0182
5.3573, 5.3510, 0.0063
5.3568, 5.3365, 0.0203
5.3742, 5.3535, 0.0207
5.4126, 5.3543, 0.0583
5.4745, 5.3796, 0.0949
5.5612, 5.4218, 0.1394
5.6737, 5.5530, 0.1207
5.8118, 5.7273, 0.0845
5.9745, 5.9219, 0.0526
6.1599, 6.1174, 0.0425
6.3654, 6.2961, 0.0693
6.5878, 6.5447, 0.0431
6.8234, 6.7646, 0.0588
7.0680, 7.0212, 0.0468
7.3175, 7.2374, 0.0801
7.5673, 7.5008, 0.0665
7.8134, 7.7448, 0.0686
8.0513, 7.9984, 0.0529
8.2773, 8.1855, 0.0918
8.4877, 8.4280, 0.0597
8.6793, 8.6020, 0.0773
8.8492, 8.8006, 0.0486
8.9948, 8.9114, 0.0834
9.1138, 9.0537, 0.0601
9.2041, 9.1536, 0.0505
9.2640, 9.2768, 0.0128
9.2917, 9.4086, 0.1169
9.2858, 9.3352, 0.0494
9.2448, 9.3123, 0.0675
9.1675, 9.3180, 0.1505
9.0528, 9.3212, 0.2684
8.9001, 9.2302, 0.3301
8.7087, 9.1094, 0.4007
8.4789, 8.3121, 0.1668
8.2111, 8.9027, 0.6916
7.9068, 8.0401, 0.1333
7.5681, 8.0133, 0.4452
7.1980, 7.4022, 0.2042
6.8004, 7.1412, 0.3408
6.3804, 6.3903, 0.0099
5.9438, 5.8861, 0.0577
5.4974, 5.5086, 0.0112
5.0487, 5.1073, 0.0586
4.6056, 4.6176, 0.0120
4.1765, 4.0522, 0.1243
3.7693, 3.5893, 0.1800
3.3922, 3.1475, 0.2447
3.0520, 3.2760, 0.2240
2.7550, 2.7887, 0.0337
2.5059, 2.6341, 0.1282
2.3081, 2.3804, 0.0723
2.1629, 2.2334, 0.0705
2.0701, 2.1494, 0.0793
2.0276, 2.0687, 0.0411
2.0313, 2.2811, 0.2498
2.0758, 2.1793, 0.1035
2.1543, 2.1059, 0.0484
2.2591, 2.2855, 0.0264
2.3820, 2.2824, 0.0996
2.5144, 2.5260, 0.0116
2.6481, 2.4821, 0.1660
2.7757, 2.7096, 0.0661
2.8906, 3.2013, 0.3107
2.9875, 2.7502, 0.2373
3.0628, 3.4871, 0.4243
3.1142, 3.5326, 0.4184
3.1411, 3.2923, 0.1512
3.1445, 3.2107, 0.0662
3.1267, 3.1207, 0.0060
3.0910, 3.3062, 0.2152
3.0415, 2.9261, 0.1154
2.9829, 3.4022, 0.4193
2.9195, 2.8414, 0.0781
2.8558, 2.8490, 0.0068
2.7953, 2.6742, 0.1211
2.7406, 2.5847, 0.1559
2.6935, 2.6492, 0.0443
2.6543, 2.8378, 0.1835
2.6221, 2.6942, 0.0721
2.5948, 2.5508, 0.0440
2.5694, 2.5873, 0.0179
2.5421, 2.5145, 0.0276
2.5086, 2.6325, 0.1239
2.4648, 2.5022, 0.0374
2.4066, 2.5180, 0.1114
2.3307, 2.4922, 0.1615
2.2345, 2.2584, 0.0239
2.1169, 2.1536, 0.0367
1.9782, 2.0526, 0.0744
1.8200, 1.8207, 0.0007
1.6455, 1.7381, 0.0926
1.4592, 1.4481, 0.0111
1.2671, 1.2984, 0.0313
1.0758, 1.0897, 0.0139
0.8925, 0.9466, 0.0541
0.7245, 0.7365, 0.0120
0.5788, 0.5605, 0.0183
0.4615, 0.4718, 0.0103
0.3778, 0.3739, 0.0039
0.3310, 0.3367, 0.0057
0.3229, 0.3199, 0.0030
0.3533, 0.3483, 0.0050
0.4201, 0.4190, 0.0011
0.5193, 0.4661, 0.0532
0.6454, 0.6489, 0.0035
0.7916, 0.6500, 0.1416
0.9501, 0.9549, 0.0048
1.1131, 0.8507, 0.2624
1.2725, 1.2645, 0.0080
1.4208, 1.8413, 0.4205
1.5515, 1.5117, 0.0398
1.6597, 1.4383, 0.2214
1.7419, 1.6526, 0.0893
1.7966, 1.8627, 0.0661
1.8240, 1.8037, 0.0203
1.8263, 1.8681, 0.0418
1.8073, 1.7498, 0.0575
1.7721, 1.7063, 0.0658
1.7269, 1.7286, 0.0017
1.6784, 1.8183, 0.1399
1.6335, 1.6233, 0.0102
1.5986, 1.6360, 0.0374
1.5794, 1.5396, 0.0398
1.5805, 1.3120, 0.2685
1.6051, 1.6396, 0.0345
1.6547, 1.8609, 0.2062
1.7293, 1.8091, 0.0798
1.8271, 1.7453, 0.0818
1.9450, 1.9822, 0.0372
2.0785, 2.0668, 0.0117
2.2224, 2.2592, 0.0368
2.3706, 2.3638, 0.0068
2.5171, 2.5407, 0.0236
2.6561, 2.6557, 0.0004
2.7823, 2.7536, 0.0287
2.8914, 2.9102, 0.0188
2.9798, 2.9006, 0.0792
3.0457, 3.0876, 0.0419
3.0883, 3.1391, 0.0508
3.1080, 3.1634, 0.0554
3.1066, 3.1263, 0.0197
3.0867, 3.1111, 0.0244
3.0516, 3.1034, 0.0518
3.0052, 3.1054, 0.1002
2.9512, 3.0698, 0.1186
2.8932, 3.1198, 0.2266
2.8342, 2.8165, 0.0177
2.7764, 2.5851, 0.1913
2.7211, 2.8833, 0.1622
2.6685, 2.8043, 0.1358
2.6174, 2.5915, 0.0259
2.5660, 2.5345, 0.0315
2.5114, 2.5479, 0.0365
2.4504, 2.4822, 0.0318
2.3792, 2.3514, 0.0278
2.2942, 2.4557, 0.1615
2.1921, 2.1754, 0.0167
2.0705, 2.1818, 0.1113
1.9278, 1.9559, 0.0281
1.7640, 1.8026, 0.0386
1.5801, 1.6311, 0.0510
1.3791, 1.4067, 0.0276
1.1650, 1.2043, 0.0393
0.9433, 0.9245, 0.0188
0.7206, 0.7244, 0.0038
0.5044, 0.4751, 0.0293
0.3022, 0.2387, 0.0635
0.1219, 0.0869, 0.0350
-0.0296, -0.1183, 0.0887
-0.1460, -0.1861, 0.0401
-0.2225, -0.2992, 0.0767
-0.2561, -0.2790, 0.0229
-0.2456, -0.3443, 0.0987
-0.1918, -0.1320, 0.0598
-0.0977, -0.0739, 0.0238
0.0321, -0.2032, 0.2353
0.1913, 0.1548, 0.0365
0.3722, 0.5321, 0.1599
0.5665, 0.3805, 0.1860
0.7656, 0.4481, 0.3175
0.9608, 1.0685, 0.1077
1.1443, 1.2620, 0.1177
1.3095, 1.3372, 0.0277
1.4514, 1.4489, 0.0025
1.5665, 1.8753, 0.3088
1.6533, 1.5067, 0.1466
1.7124, 1.6924, 0.0200
1.7464, 1.6484, 0.0980
1.7592, 1.7238, 0.0354
1.7566, 1.8114, 0.0548
1.7450, 1.6282, 0.1168
1.7315, 1.7479, 0.0164
1.7234, 1.7558, 0.0324
1.7272, 1.7314, 0.0042
1.7491, 1.6979, 0.0512
1.7939, 1.7395, 0.0544
1.8648, 1.7457, 0.1191
1.9636, 1.8910, 0.0726
2.0902, 1.9899, 0.1003
2.2432, 2.2241, 0.0191
2.4192, 2.3655, 0.0537
2.6140, 2.5417, 0.0723
2.8222, 2.7629, 0.0593
3.0378, 2.9321, 0.1057
3.2545, 3.1700, 0.0845
3.4664, 3.4869, 0.0205
3.6679, 3.5651, 0.1028
3.8543, 3.8618, 0.0075
4.0219, 3.9973, 0.0246
4.1683, 4.1680, 0.0003
4.2922, 4.2631, 0.0291
4.3938, 4.3864, 0.0074
4.4744, 4.4413, 0.0331
4.5364, 4.5190, 0.0174
4.5831, 4.5766, 0.0065
4.6183, 4.5860, 0.0323
4.6461, 4.6299, 0.0162
4.6709, 4.6826, 0.0117
4.6965, 4.6889, 0.0076
4.7265, 4.7375, 0.0110
4.7636, 4.7605, 0.0031
4.8099, 4.7908, 0.0191
4.8663, 4.8702, 0.0039
4.9330, 4.9079, 0.0251
5.0091, 5.0188, 0.0097
5.0932, 5.0661, 0.0271
5.1831, 5.1924, 0.0093
5.2760, 5.2605, 0.0155
5.3690, 5.3705, 0.0015
5.4589, 5.4373, 0.0216
5.5429, 5.5280, 0.0149
5.6183, 5.6149, 0.0034
5.6829, 5.6441, 0.0388
5.7349, 5.7359, 0.0010
5.7731, 5.6975, 0.0756
5.7969, 5.7377, 0.0592
5.8062, 5.8386, 0.0324
5.8016, 5.8203, 0.0187
5.7839, 5.8028, 0.0189
5.7543, 5.7154, 0.0389
5.7139, 5.7818, 0.0679
5.6641, 5.5876, 0.0765
5.6057, 5.6029, 0.0028
5.5397, 5.6328, 0.0931
5.4663, 5.5327, 0.0664
5.3854, 5.5296, 0.1442
5.2966, 5.2742, 0.0224
5.1987, 5.2538, 0.0551
5.0907, 5.0966, 0.0059
4.9709, 5.0265, 0.0556
4.8378, 4.8679, 0.0301
4.6899, 4.7456, 0.0557
4.5258, 4.5789, 0.0531
4.3447, 4.3975, 0.0528
4.1464, 4.2108, 0.0644
3.9314, 3.9242, 0.0072
3.7007, 3.6899, 0.0108
3.4565, 3.4295, 0.0270
3.2015, 3.1708, 0.0307
2.9392, 2.8848, 0.0544
2.6736, 2.6201, 0.0535
2.4093, 2.3663, 0.0430
2.1510, 2.1267, 0.0243
1.9030, 1.9065, 0.0035
1.6694, 1.7089, 0.0395
1.4537, 1.4656, 0.0119
1.2587, 1.3240, 0.0653
1.0857, 1.1144, 0.0287
0.9353, 0.9895, 0.0542
0.8066, 0.8619, 0.0553
0.6973, 0.7397, 0.0424
0.6044, 0.5644, 0.0400
0.5237, 0.5814, 0.0577
0.4506, 0.5260, 0.0754
0.3801, 0.4913, 0.1112
0.3074, 0.2722, 0.0352
0.2280, 0.2013, 0.0267
0.1382, 0.1502, 0.0120
0.0355, 0.0217, 0.0138
-0.0813, -0.0648, 0.0165
-0.2120, -0.1792, 0.0328
-0.3545, -0.3396, 0.0149
-0.5058, -0.4787, 0.0271
-0.6608, -0.6530, 0.0078
-0.8137, -0.9988, 0.1851
-0.9580, -0.9619, 0.0039
-1.0865, -1.0166, 0.0699
-1.1926, -1.2102, 0.0176
-1.2698, -1.4121, 0.1423
-1.3130, -1.3430, 0.0300
-1.3183, -1.5092, 0.1909
-1.2836, -1.3232, 0.0396
-1.2087, -1.3243, 0.1156
-1.0955, -1.2971, 0.2016
-0.9480, -1.1672, 0.2192
-0.7717, -1.0109, 0.2392
-0.5740, -0.7749, 0.2009
-0.3631, -0.4741, 0.1110
-0.1480, -0.1324, 0.0156
0.0621, -0.1795, 0.2416
0.2586, 0.2928, 0.0342
0.4336, 0.2163, 0.2173
0.5809, 0.6153, 0.0344
0.6957, 0.7739, 0.0782
0.7754, 0.8407, 0.0653
0.8196, 0.9000, 0.0804
0.8299, 0.8549, 0.0250
0.8098, 0.9317, 0.1219
0.7648, 0.8385, 0.0737
0.7018, 0.7506, 0.0488
0.6282, 0.7917, 0.1635
0.5519, 0.5579, 0.0060
0.4808, 0.8192, 0.3384
0.4219, 0.4941, 0.0722
0.3810, 0.0950, 0.2860
0.3626, 0.3799, 0.0173
0.3691, 0.2278, 0.1413
0.4010, 0.4495, 0.0485
0.4567, 0.5409, 0.0842
0.5328, 0.5906, 0.0578
0.6243, 0.6143, 0.0100
0.7249, 0.7691, 0.0442
0.8278, 0.9820, 0.1542
0.9256, 0.9534, 0.0278
1.0114, 1.0234, 0.0120
1.0790, 1.0862, 0.0072
1.1234, 1.1651, 0.0417
1.1414, 1.0409, 0.1005
1.1314, 1.1712, 0.0398
1.0940, 1.1809, 0.0869
1.0315, 1.1192, 0.0877
0.9483, 1.0648, 0.1165
0.8503, 0.9807, 0.1304
0.7446, 0.7451, 0.0005
0.6390, 0.6652, 0.0262
0.5415, 0.4941, 0.0474
0.4598, 0.4457, 0.0141
0.4007, 0.2644, 0.1363
0.3699, 0.3051, 0.0648
0.3711, 0.3665, 0.0046
0.4062, 0.3603, 0.0459
0.4751, 0.5351, 0.0600
0.5755, 0.4621, 0.1134
0.7031, 0.6867, 0.0164
0.8520, 0.6598, 0.1922
1.0151, 1.0158, 0.0007
1.1843, 1.1194, 0.0649
1.3513, 1.3674, 0.0161
1.5079, 1.4987, 0.0092
1.6469, 1.6389, 0.0080
1.7619, 1.8179, 0.0560
1.8485, 1.8410, 0.0075
1.9039, 1.9802, 0.0763
1.9275, 1.9225, 0.0050
1.9202, 1.9621, 0.0419
1.8855, 1.8844, 0.0011
1.8280, 1.9337, 0.1057
1.7540, 1.8263, 0.0723
1.6706, 1.4392, 0.2314
1.5851, 1.7172, 0.1321
1.5049, 1.6744, 0.1695
1.4368, 1.3638, 0.0730
1.3864, 1.5330, 0.1466
1.3579, 1.2090, 0.1489
1.3539, 1.5253, 0.1714
1.3750, 1.2160, 0.1590
1.4200, 1.2510, 0.1690
1.4859, 1.3445, 0.1414
1.5682, 1.6272, 0.0590
1.6613, 1.8311, 0.1698
1.7586, 1.7498, 0.0088
1.8533, 1.9787, 0.1254
1.9390, 1.9734, 0.0344
2.0097, 2.0402, 0.0305
2.0604, 2.0779, 0.0175
2.0878, 2.1225, 0.0347
2.0900, 2.1314, 0.0414
2.0670, 2.0497, 0.0173
2.0205, 2.0727, 0.0522
1.9538, 1.8863, 0.0675
1.8719, 2.0389, 0.1670
1.7806, 1.8607, 0.0801
1.6864, 1.6399, 0.0465
1.5962, 1.5705, 0.0257
1.5165, 1.4273, 0.0892
1.4529, 1.4643, 0.0114
1.4101, 1.3501, 0.0600
1.3911, 1.4636, 0.0725
1.3973, 1.3686, 0.0287
1.4281, 1.5122, 0.0841
1.4812, 1.5633, 0.0821
1.5525, 1.6781, 0.1256
1.6365, 1.7593, 0.1228
1.7266, 1.8170, 0.0904
1.8157, 1.8550, 0.0393
1.8964, 1.8705, 0.0259
1.9618, 2.0642, 0.1024
2.0058, 2.1161, 0.1103
2.0237, 2.1540, 0.1303
2.0123, 2.0083, 0.0040
1.9703, 2.1192, 0.1489
1.8985, 1.9631, 0.0646
1.7995, 1.7562, 0.0433
1.6779, 1.7233, 0.0454
1.5399, 1.7137, 0.1738
1.3927, 1.4163, 0.0236
1.2445, 1.4013, 0.1568
1.1037, 1.1150, 0.0113
0.9782, 1.0216, 0.0434
0.8753, 0.8844, 0.0091
0.8011, 0.6874, 0.1137
0.7598, 0.7636, 0.0038
0.7538, 0.7087, 0.0451
0.7832, 0.7774, 0.0058
0.8463, 0.8315, 0.0148
0.9390, 0.7317, 0.2073
1.0557, 0.8474, 0.2083
1.1894, 1.3402, 0.1508
1.3320, 1.1456, 0.1864
1.4749, 1.2847, 0.1902
1.6100, 1.5536, 0.0564
1.7293, 1.7474, 0.0181
1.8263, 1.7711, 0.0552
1.8958, 1.9593, 0.0635
1.9343, 1.8929, 0.0414
1.9404, 1.9216, 0.0188
1.9148, 2.0077, 0.0929
1.8601, 1.9258, 0.0657
1.7804, 1.8580, 0.0776
1.6816, 1.4968, 0.1848
1.5703, 1.5736, 0.0033
1.4538, 1.3586, 0.0952
1.3394, 1.3511, 0.0117
1.2338, 1.2547, 0.0209
1.1429, 1.1940, 0.0511
1.0712, 1.1151, 0.0439
1.0215, 1.1457, 0.1242
0.9950, 1.0433, 0.0483
0.9908, 1.1458, 0.1550
1.0061, 1.1030, 0.0969
1.0369, 1.2059, 0.1690
1.0779, 1.0651, 0.0128
1.1229, 1.0345, 0.0884
1.1652, 1.4293, 0.2641
1.1985, 1.5341, 0.3356
1.2169, 1.4232, 0.2063
1.2156, 1.3878, 0.1722
1.1914, 1.2116, 0.0202
1.1424, 1.1944, 0.0520
1.0689, 1.1281, 0.0592
0.9728, 0.9632, 0.0096
0.8579, 1.0395, 0.1816
0.7295, 0.6695, 0.0600
0.5941, 0.6097, 0.0156
0.4590, 0.3815, 0.0775
0.3318, 0.3640, 0.0322
0.2201, 0.2052, 0.0149
0.1308, 0.1477, 0.0169
0.0698, 0.0530, 0.0168
0.0418, -0.0007, 0.0425
0.0498, -0.0355, 0.0853
0.0950, 0.0416, 0.0534
0.1767, 0.0214, 0.1553
0.2928, 0.1284, 0.1644
0.4395, 0.2268, 0.2127
0.6118, 0.5768, 0.0350
0.8038, 0.5650, 0.2388
1.0092, 0.8478, 0.1614
1.2216, 1.2778, 0.0562
1.4350, 1.4324, 0.0026
1.6437, 1.6730, 0.0293
1.8433, 1.7892, 0.0541
2.0305, 2.0362, 0.0057
2.2029, 2.1051, 0.0978
2.3598, 2.3568, 0.0030
2.5013, 2.5086, 0.0073
2.6289, 2.6085, 0.0204
2.7447, 2.7515, 0.0068
2.8514, 2.7771, 0.0743
2.9522, 2.9784, 0.0262
3.0501, 2.9938, 0.0563
3.1479, 3.2014, 0.0535
3.2477, 3.1905, 0.0572
3.3513, 3.4365, 0.0852
3.4590, 3.3817, 0.0773
3.5705, 3.5214, 0.0491
3.6845, 3.5830, 0.1015
3.7986, 3.7996, 0.0010
3.9098, 3.7117, 0.1981
4.0147, 4.0198, 0.0051
4.1091, 4.1226, 0.0135
4.1892, 4.2007, 0.0115
4.2512, 4.2773, 0.0261
4.2919, 4.3103, 0.0184
4.3086, 4.3476, 0.0390
4.2997, 4.3241, 0.0244
4.2645, 4.3229, 0.0584
4.2035, 4.2678, 0.0643
4.1183, 4.1738, 0.0555
4.0117, 4.1839, 0.1722
3.8870, 4.0059, 0.1189
3.7488, 3.7340, 0.0148
3.6018, 3.5248, 0.0770
3.4510, 3.5305, 0.0795
3.3011, 3.3652, 0.0641
3.1566, 2.8914, 0.2652
3.0212, 3.0083, 0.0129
2.8974, 2.8724, 0.0250
2.7869, 2.8776, 0.0907
2.6898, 2.6539, 0.0359
2.6051, 2.6686, 0.0635
2.5306, 2.5199, 0.0107
2.4630, 2.4997, 0.0367
2.3983, 2.4309, 0.0326
2.3318, 2.3821, 0.0503
2.2589, 2.3624, 0.1035
2.1753, 2.3866, 0.2113
2.0770, 2.2146, 0.1376
1.9614, 2.0422, 0.0808
1.8266, 1.9248, 0.0982
1.6729, 1.7668, 0.0939
1.5013, 1.5120, 0.0107
1.3149, 1.4543, 0.1394
1.1181, 1.1215, 0.0034
0.9168, 1.0460, 0.1292
0.7177, 0.8428, 0.1251
0.5282, 0.5304, 0.0022
0.3560, 0.3383, 0.0177
0.2085, 0.2084, 0.0001
0.0927, 0.0610, 0.0317
0.0145, -0.0838, 0.0983
-0.0216, -0.1064, 0.0848
-0.0126, -0.1185, 0.1059
0.0429, -0.0671, 0.1100
0.1444, 0.1254, 0.0190
0.2896, 0.0267, 0.2629
0.4748, 0.3829, 0.0919
0.6946, 0.6860, 0.0086
0.9430, 0.7138, 0.2292
1.2130, 1.0130, 0.2000
1.4971, 1.6402, 0.1431
1.7883, 1.4514, 0.3369
2.0793, 2.2434, 0.1641
2.3639, 2.3112, 0.0527
2.6367, 2.4560, 0.1807
2.8933, 2.8563, 0.0370
3.1306, 3.1049, 0.0257
3.3466, 3.3330, 0.0136
3.5404, 3.5214, 0.0190
3.7123, 3.7092, 0.0031
3.8634, 3.8598, 0.0036
3.9956, 3.9632, 0.0324
4.1110, 4.1306, 0.0196
4.2122, 4.1771, 0.0351
4.3015, 4.3481, 0.0466
4.3811, 4.3607, 0.0204
4.4527, 4.3278, 0.1249
4.5175, 4.4835, 0.0340
4.5759, 4.5797, 0.0038
4.6277, 4.6082, 0.0195
4.6723, 4.7093, 0.0370
4.7084, 4.7013, 0.0071
4.7343, 4.8112, 0.0769
4.7481, 4.7589, 0.0108
4.7480, 4.7721, 0.0241
4.7324, 4.7481, 0.0157
4.7001, 4.7481, 0.0480
4.6506, 4.7049, 0.0543
4.5839, 4.7619, 0.1780
4.5012, 4.6026, 0.1014
4.4043, 4.5407, 0.1364
4.2959, 4.2785, 0.0174
4.1795, 4.3819, 0.2024
4.0591, 3.9819, 0.0772
3.9391, 3.9294, 0.0097
3.8242, 3.7570, 0.0672
3.7190, 3.7174, 0.0016
3.6275, 3.5646, 0.0629
3.5532, 3.5221, 0.0311
3.4987, 3.4596, 0.0391
3.4656, 3.4585, 0.0071
3.4544, 3.3838, 0.0706
3.4643, 3.4319, 0.0324
3.4935, 3.4094, 0.0841
3.5390, 3.4305, 0.1085
3.5972, 3.5413, 0.0559
3.6638, 3.7060, 0.0422
3.7342, 3.8228, 0.0886
3.8038, 3.8476, 0.0438
3.8680, 3.7552, 0.1128
3.9231, 3.8525, 0.0706
3.9660, 3.9199, 0.0461
3.9944, 4.2190, 0.2246
4.0072, 3.9777, 0.0295
4.0043, 4.0781, 0.0738
3.9867, 3.9455, 0.0412
3.9562, 3.9551, 0.0011
3.9155, 3.8765, 0.0390
3.8678, 3.7719, 0.0959
3.8164, 3.8350, 0.0186
3.7646, 3.8162, 0.0516
3.7154, 3.7303, 0.0149
3.6712, 3.6101, 0.0611
3.6337, 3.6357, 0.0020
3.6033, 3.6852, 0.0819
3.5797, 3.5791, 0.0006
3.5613, 3.4987, 0.0626
3.5456, 3.5617, 0.0161
3.5293, 3.6288, 0.0995
3.5086, 3.5760, 0.0674
3.4795, 3.4659, 0.0136
3.4377, 3.4510, 0.0133
3.3797, 3.3704, 0.0093
3.3026, 3.3239, 0.0213
3.2043, 3.2075, 0.0032
3.0840, 3.1114, 0.0274
2.9426, 3.0153, 0.0727
2.7824, 2.8024, 0.0200
2.6067, 2.6428, 0.0361
2.4202, 2.4474, 0.0272
2.2291, 2.2708, 0.0417
2.0400, 2.0719, 0.0319
1.8597, 1.9038, 0.0441
1.6952, 1.6667, 0.0285
1.5530, 1.5584, 0.0054
1.4383, 1.4519, 0.0136
1.3552, 1.3586, 0.0034
1.3062, 1.3158, 0.0096
1.2919, 1.2983, 0.0064
1.3109, 1.3166, 0.0057
1.3600, 1.3873, 0.0273
1.4342, 1.4333, 0.0009
1.5269, 1.6119, 0.0850
1.6307, 1.6177, 0.0130
1.7372, 1.9183, 0.1811
1.8377, 1.8064, 0.0313
1.9241, 1.8653, 0.0588
1.9886, 1.9422, 0.0464
2.0247, 2.0433, 0.0186
2.0272, 1.9834, 0.0438
1.9925, 2.1222, 0.1297
1.9185, 1.9142, 0.0043
1.8052, 1.9239, 0.1187
1.6538, 1.7487, 0.0949
1.4673, 1.6384, 0.1711
1.2496, 1.4244, 0.1748
1.0056, 1.3300, 0.3244
0.7410, 0.7402, 0.0008
0.4616, 0.5572, 0.0956
0.1733, 0.3212, 0.1479
-0.1180, -0.1493, 0.0313
-0.4068, -0.3439, 0.0629
-0.6883, -0.7756, 0.0873
-0.9580, -1.0829, 0.1249
-1.2124, -1.3386, 0.1262
-1.4485, -1.4256, 0.0229
-1.6639, -1.6702, 0.0063
-1.8569, -1.7920, 0.0649
-2.0266, -2.0872, 0.0606
